        0.0000000000000000E+00        -1.0000147600000000E+00         0.0000000000000000E+00 
       -7.5372297788482839E-03        -9.9981003635448751E-01        -1.8777527716222261E-02 
       -1.5056838739884478E-02        -9.9919594940370793E-01        -3.7553193723690932E-02 
       -2.2541207861532860E-02        -9.9817275205029565E-01        -5.6325100127255626E-02 
       -2.9972721904957724E-02        -9.9674086894389902E-01        -7.5091276786083377E-02 
       -3.7333771779861157E-02        -9.9490090117823593E-01        -9.3849645508976495E-02 
       -4.4606757476147250E-02        -9.9265363282532715E-01        -1.1259798463252245E-01 
       -5.1774091744362358E-02        -9.9000003926526270E-01        -1.3133389411136370E-01 
       -5.8818204702887282E-02        -9.8694129725798374E-01        -1.5005476125125564E-01 
       -6.5721549543703572E-02        -9.8347879669170857E-01        -1.6875772721719429E-01 
       -7.2466609501173618E-02        -9.7961415393080720E-01        -1.8743965445069954E-01 
       -7.9035906239624504E-02        -9.7534922667418145E-01        -2.0609709513225927E-01 
       -8.5412009805649794E-02        -9.7068613022352757E-01        -2.2472626082690281E-01 
       -9.1577550279926798E-02        -9.6562725504932012E-01        -2.4332299345274719E-01 
       -9.7515231250995288E-02        -9.6017528553096865E-01        -2.6188273771412895E-01 
       -1.0320784521986967E-01        -9.5433321973643548E-01        -2.8040051514237718E-01 
       -1.0863829102960221E-01        -9.4810439009571890E-01        -2.9887089988842697E-01 
       -1.1378959339796935E-01        -9.4149248481205983E-01        -3.1728799641204797E-01 
       -1.1864492461440515E-01        -9.3450156984461386E-01        -3.3564541921250851E-01 
       -1.2318762844415114E-01        -9.2713611128671514E-01        -3.5393627474475442E-01 
       -1.2740124626345284E-01        -9.1940099795485486E-01        -3.7215314566364099E-01 
       -1.3126954542951927E-01        -9.1130156399517437E-01        -3.9028807753623868E-01 
       -1.3477654986801935E-01        -9.0284361130677948E-01        -4.0833256815865626E-01 
       -1.3790657283920069E-01        -8.9403343157457416E-01        -4.2627755960907976E-01 
       -1.4064425182140089E-01        -8.8487782769876822E-01        -4.4411343316271068E-01 
       -1.4297458542789604E-01        -8.7538413440377838E-01        -4.6183000718694839E-01 
       -1.4488297224988264E-01        -8.6556023780608859E-01        -4.7941653812638119E-01 
       -1.4635525149510750E-01        -8.5541459371884965E-01        -4.9686172467692064E-01 
       -1.4737774526833053E-01        -8.4495624447068574E-01        -5.1415371523665265E-01 
       -1.4793730231671906E-01        -8.3419483401746219E-01        -5.3128011870773195E-01 
       -1.4802134304060893E-01        -8.2314062112871744E-01        -5.4822801870881388E-01 
       -1.4761790554804768E-01        -8.1180449043520531E-01        -5.6498399124122645E-01 
       -1.4671569251036967E-01        -8.0019796113053554E-01        -5.8153412583430542E-01 
       -1.4530411855602854E-01        -7.8833319312837724E-01        -5.9786405017614219E-01 
       -1.4337335792120773E-01        -7.7622299048707022E-01        -6.1395895821552970E-01 
       -1.4091439205865497E-01        -7.6388080192585417E-01        -6.2980364169921710E-01 
       -1.3791905689093623E-01        -7.5132071827121116E-01        -6.4538252508587501E-01 
       -1.3438008938112850E-01        -7.3855746668808431E-01        -6.6067970375457286E-01 
       -1.3029117308311078E-01        -7.2560640156884004E-01        -6.7567898540126181E-01 
       -1.2564698232527194E-01        -7.1248349197281147E-01        -6.9036393449196909E-01 
       -1.2044322467583773E-01        -6.9920530553091420E-01        -7.0471791961632035E-01 
       -1.1467668133529189E-01        -6.8578898875309635E-01        -7.1872416355995528E-01 
       -1.0834524510173831E-01        -6.7225224370111414E-01        -7.3236579588949635E-01 
       -1.0144795555857621E-01        -6.5861330101508608E-01        -7.4562590781942706E-01 
       -9.3985031140685585E-02        -6.4489088930938820E-01        -7.5848760910662905E-01 
       -8.5957897745517681E-02        -6.3110420098134701E-01        -7.7093408669585972E-01 
       -7.7369213569048911E-02        -6.1727285450473734E-01        -7.8294866481828651E-01 
       -6.8222889863492620E-02        -6.0341685330899586E-01        -7.9451486622570233E-01 
       -5.8524107333997197E-02        -5.8955654137398816E-01        -8.0561647422545224E-01 
       -4.8279327914993037E-02        -5.7571255569895097E-01        -8.1623759516568750E-01 
       -3.7496301693502446E-02        -5.6190577583245016E-01        -8.2636272100756358E-01 
       -2.6184068776308311E-02        -5.4815727067757769E-01        -8.3597679161070648E-01 
       -1.4352955930091052E-02        -5.3448824281290908E-01        -8.4506525635076291E-01 
       -2.0145678584081853E-03        -5.2091997059453521E-01        -8.5361413468347713E-01 
        1.0818226983829116E-02        -5.0747374832765679E-01        -8.6161007526843003E-01 
        2.4131316098933615E-02        -4.9417082481724994E-01        -8.6904041326768899E-01 
        3.7909368198439826E-02        -4.8103234062608341E-01        -8.7589322544004022E-01 
        5.2135863977629641E-02        -4.6807926438461211E-01        -8.8215738266033306E-01 
        6.6793132349784318E-02        -4.5533232851074518E-01        -8.8782259950569486E-01 
        8.1862392035235251E-02        -4.4281196470803907E-01        -8.9287948056594435E-01 
        9.7323798358150526E-02        -4.3053823961808707E-01        -8.9731956315450334E-01 
        1.1315649506279676E-01        -4.1853079100707585E-01        -9.0113535611801943E-01 
        1.2933867092073670E-01        -4.0680876486716999E-01        -9.0432037446792390E-01 
        1.4584762086169109E-01        -3.9539075381065653E-01        -9.0686916958487584E-01 
        1.6265981132412211E-01        -3.8429473712871937E-01        -9.0877735477721910E-01 
        1.7975094948716644E-01        -3.7353802287709015E-01        -9.1004162600707228E-01 
        1.9709605601399710E-01        -3.6313719233800784E-01        -9.1065977763196571E-01 
        2.1466954090820603E-01        -3.5310804719180411E-01        -9.1063071304585763E-01 
        2.3244528205974135E-01        -3.4346555971221582E-01        -9.0995445014046494E-01 
        2.5039670603563502E-01        -3.3422382627749875E-01        -9.0863212154575845E-01 
        2.6849687065337680E-01        -3.2539602446465021E-01        -9.0666596964684065E-01 
        2.8671854886156978E-01        -3.1699437396694136E-01        -9.0405933641278158E-01 
        3.0503431344355869E-01        -3.0903010154566946E-01        -9.0081664811105100E-01 
        3.2341662205512611E-01        -3.0151341019599309E-01        -8.9694339501843223E-01 
        3.4183790210720150E-01        -2.9445345267422368E-01        -8.9244610627540955E-01 
        3.6027063500866729E-01        -2.8785830950022123E-01        -8.8733232006570562E-01 
        3.7868743929285459E-01        -2.8173497151416660E-01        -8.8161054933538896E-01 
        3.9706115216399596E-01        -2.7608932703220879E-01        -8.7529024329656746E-01 
        4.1536490901650697E-01        -2.7092615361062639E-01        -8.6838174498888498E-01 
        4.3357222050044109E-01        -2.6624911439365800E-01        -8.6089624519744778E-01 
        4.5165704673036156E-01        -2.6206075898638648E-01        -8.5284573304832889E-01 
        4.6959386826203436E-01        -2.5836252876131260E-01        -8.4424294362219643E-01 
        4.8735775349135541E-01        -2.5515476647586810E-01        -8.3510130294275853E-01 
        5.0492442216244571E-01        -2.5243673004840173E-01        -8.2543487070950261E-01 
        5.2227030470649149E-01        -2.5020661031239233E-01        -8.1525828115361398E-01 
        5.3937259716927655E-01        -2.4846155254305424E-01        -8.0458668240190623E-01 
        5.5620931152302477E-01        -2.4719768152730648E-01        -7.9343567473620269E-01 
        5.7275932119673434E-01        -2.4641012992746658E-01        -7.8182124813484666E-01 
        5.8900240169822737E-01        -2.4609306967116104E-01        -7.6975971947907351E-01 
        6.0491926624024650E-01        -2.4623974608488328E-01        -7.5726766979993798E-01 
        6.2049159632169804E-01        -2.4684251447650540E-01        -7.4436188193156494E-01 
        6.3570206725321643E-01        -2.4789287886287226E-01        -7.3105927892384670E-01 
        6.5053436865321346E-01        -2.4938153253236392E-01        -7.1737686355260954E-01 
        6.6497321997616909E-01        -2.5129840012900589E-01        -7.0333165924792806E-01 
        6.7900438116882211E-01        -2.5363268094423669E-01        -6.8894065274196992E-01 
        6.9261465858182503E-01        -2.5637289310475564E-01        -6.7422073871675692E-01 
        7.0579190629412802E-01        -2.5950691834982237E-01        -6.5918866670983856E-01 
        7.1852502303465360E-01        -2.6302204709881427E-01        -6.4386099051234769E-01 
        7.3080394491052014E-01        -2.6690502351962386E-01        -6.2825402026956634E-01 
        7.4261963417307741E-01        -2.7114209032039654E-01        -6.1238377746922867E-01 
        7.5396406427221985E-01        -2.7571903300099149E-01        -5.9626595297760565E-01 
        7.6483020146578118E-01        -2.8062122331613637E-01        -5.7991586825822472E-01 
        7.7521198326429486E-01        -2.8583366171938901E-01        -5.6334843988312078E-01 
        7.8510429400200710E-01        -2.9134101857543865E-01        -5.4657814742201294E-01 
        7.9450293783282688E-01        -2.9712767394778122E-01        -5.2961900477098522E-01 
        8.0340460945493086E-01        -3.0317775578916761E-01        -5.1248453495929291E-01 
        8.1180686287014281E-01        -3.0947517638319516E-01        -4.9518774845099073E-01 
        8.1970807848407334E-01        -3.1600366690682313E-01        -4.7774112493734544E-01 
        8.2710742885046418E-01        -3.2274681000525524E-01        -4.6015659859654501E-01 
        8.3400484335842173E-01        -3.2968807029225944E-01        -4.4244554677917292E-01 
        8.4040097215441978E-01        -3.3681082271051987E-01        -4.2461878206132225E-01 
        8.4629714958218882E-01        -3.4409837870781063E-01        -4.0668654759218303E-01 
        8.5169535741324010E-01        -3.5153401020549824E-01        -3.8865851564937731E-01 
        8.5659818812879285E-01        -3.5910097135603736E-01        -3.7054378930336695E-01 
        8.6100880850064709E-01        -3.6678251810548862E-01        -3.5235090708178729E-01 
        8.6493092370416169E-01        -3.7456192559563850E-01        -3.3408785051560397E-01 
        8.6836874218112026E-01        -3.8242250345803469E-01        -3.1576205444147598E-01 
        8.7132694145418010E-01        -3.9034760906883992E-01        -2.9738041992855818E-01 
        8.7381063507791124E-01        -3.9832065884899864E-01        -2.7894932969311270E-01 
        8.7582534089424469E-01        -4.0632513770874423E-01        -2.6047466586064832E-01 
        8.7737695074273048E-01        -4.1434460674881468E-01        -2.4196182993274731E-01 
        8.7847170175843248E-01        -4.2236270934292142E-01        -2.2341576481416306E-01 
        8.7911614937266191E-01        -4.3036317573702276E-01        -2.0484097875506063E-01 
        8.7931714211425982E-01        -4.3832982631077011E-01        -1.8624157106334399E-01 
        8.7908179829180677E-01        -4.4624657365511894E-01        -1.6762125944268608E-01 
        8.7841748462011593E-01        -4.5409742362752442E-01        -1.4898340881309094E-01 
        8.7733179683768880E-01        -4.6186647555242150E-01        -1.3033106147241991E-01 
        8.7583254234555963E-01        -4.6953792173977438E-01        -1.1166696845920437E-01 
        8.7392772488220172E-01        -4.7709604649844101E-01        -9.2993621979129748E-02 
        8.7162553123389885E-01        -4.8452522482391652E-01        -7.4313288759729090E-02 
        8.6893431996530723E-01        -4.9180992094173837E-01        -5.5628044199943362E-02 
        8.6586261214081084E-01        -4.9893468688842796E-01        -3.6939807183232719E-02 
        8.6241908399377942E-01        -5.0588416131135461E-01        -1.8250375424748156E-02 
        8.5861256148789500E-01        -5.1264306866739273E-01         4.3853877529050512E-04 
        8.5445201670246851E-01        -5.1919621899758428E-01         1.9125272498598089E-02 
        8.4994656596198981E-01        -5.2552850845135168E-01         3.7808176021818241E-02 
        8.4510546961909538E-01        -5.3162492072913237E-01         5.6485576600501422E-02 
        8.3993813338978607E-01        -5.3747052960640440E-01         7.5155742348909205E-02 
        8.3445411112989409E-01        -5.4305050269535504E-01         9.3816846340608148E-02 
        8.2866310893262507E-01        -5.4835010659258643E-01         1.1246693105539188E-01 
        8.2257499041854565E-01        -5.5335471355221910E-01         1.3110387329901071E-01 
        8.1619978308145869E-01        -5.5804980981385666E-01         1.4972534972343524E-01 
        8.0954768554637258E-01        -5.6242100570386122E-01         1.6832880307689072E-01 
        8.0262907558921270E-01        -5.6645404761629958E-01         1.8691140931464995E-01 
        7.9545451876203954E-01        -5.7013483196681891E-01         2.0547004570352473E-01 
        7.8803477746234907E-01        -5.7344942119858988E-01         2.2400126005491577E-01 
        7.8038082028057432E-01        -5.7638406190432945E-01         2.4250124122331751E-01 
        7.7250383145624046E-01        -5.7892520511228807E-01         2.6096579100899442E-01 
        7.6441522027033093E-01        -5.8105952876702993E-01         2.7939029760523310E-01 
        7.5612663019938930E-01        -5.8277396241786750E-01         2.9776971073189257E-01 
        7.4764994765574200E-01        -5.8405571410899138E-01         3.1609851859789745E-01 
        7.3899731013800640E-01        -5.8489229944574328E-01         3.3437072683565200E-01 
        7.3018111361680493E-01        -5.8527157279120368E-01         3.5257983955005401E-01 
        7.2121401898242532E-01        -5.8518176052635695E-01         3.7071884262367194E-01 
        7.1210895738403390E-01        -5.8461149628571174E-01         3.8878018941765408E-01 
        7.0287913429405646E-01        -5.8354985805849202E-01         4.0675578900491549E-01 
        6.9353803213651533E-01        -5.8198640702355786E-01         4.2463699706800745E-01 
        6.8409941132449426E-01        -5.7991122796413397E-01         4.4241460958872270E-01 
        6.7457730955951922E-01        -5.7731497108648810E-01         4.6007885944982951E-01 
        6.6498603925453226E-01        -5.7418889504503956E-01         4.7761941606127589E-01 
        6.5534018295228857E-01        -5.7052491095517655E-01         4.9502538811374514E-01 
        6.4565458662245900E-01        -5.6631562715459816E-01         5.1228532955144668E-01 
        6.3594435073343258E-01        -5.6155439445439725E-01         5.2938724884356103E-01 
        6.2622481900879146E-01        -5.5623535160265958E-01         5.4631862161974443E-01 
        6.1651156479360070E-01        -5.5035347066631135E-01         5.6306640671957775E-01 
        6.0682037497202845E-01        -5.4390460202147262E-01         5.7961706568882965E-01 
        5.9716723139523320E-01        -5.3688551862893674E-01         5.9595658573703036E-01 
        5.8756828979693643E-01        -5.2929395925988720E-01         6.1207050615103775E-01 
        5.7803985619343301E-01        -5.2112867032768706E-01         6.2794394813832610E-01 
        5.6859836078496517E-01        -5.1238944597485026E-01         6.4356164805160376E-01 
        5.5926032939617065E-01        -5.0307716606026143E-01         6.5890799392332244E-01 
        5.5004235251460865E-01        -4.9319383169058922E-01         6.7396706521480132E-01 
        5.4096105200799538E-01        -4.8274259794171970E-01         6.8872267566027445E-01 
        5.3203304562252340E-01        -4.7172780342115078E-01         7.0315841906137644E-01 
        5.2327490938635957E-01        -4.6015499633064372E-01         7.1725771786268655E-01 
        5.1470313806383905E-01        -4.4803095670016146E-01         7.3100387431414793E-01 
        5.0633410382684674E-01        -4.3536371447924577E-01         7.4438012400176490E-01 
        4.9818401333009804E-01        -4.2216256319050999E-01         7.5736969150425815E-01 
        4.9026886339639858E-01        -4.0843806887175699E-01         7.6995584791052130E-01 
        4.8260439553610046E-01        -3.9420207405836405E-01         7.8212196991116578E-01 
        4.7520604954174428E-01        -3.7946769658586810E-01         7.9385160015734990E-01 
        4.6808891641405709E-01        -3.6424932302388935E-01         8.0512850856181095E-01 
        4.6126769088888941E-01        -3.4856259658650790E-01         8.1593675420076128E-01 
        4.5475662384599586E-01        -3.3242439940072976E-01         8.2626074746139289E-01 
        4.4856947488970672E-01        -3.1585282905338491E-01         8.3608531206834913E-01 
        4.4271946539841478E-01        -2.9886716937736657E-01         8.4539574661387507E-01 
        4.3721923234411336E-01        -2.8148785548021349E-01         8.5417788521068594E-01 
        4.3208078318492826E-01        -2.6373643306127925E-01         8.6241815688399526E-01 
        4.2731545213261823E-01        -2.4563551210763121E-01         8.7010364331980916E-01 
        4.2293385809330908E-01        -2.2720871510299531E-01         8.7722213459054499E-01 
        4.1894586457319916E-01        -2.0848061992801967E-01         8.8376218248638572E-01 
        4.1536054183174442E-01        -1.8947669767343298E-01         8.8971315109147719E-01 
        4.1218613155279310E-01        -1.7022324562981644E-01         8.9506526425816946E-01 
        4.0943001428946979E-01        -1.5074731575825481E-01         8.9980964964986121E-01 
        4.0709867992143267E-01        -1.3107663898459793E-01         9.0393837904350427E-01 
        4.0519770134347988E-01        -1.1123954569603320E-01         9.0744450460638626E-01 
        4.0373171158262944E-01        -9.1264882851696746E-02         9.1032209088814398E-01 
        4.0270438451691415E-01        -7.1181928148788071E-02         9.1256624229790606E-01 
        4.0211841934341447E-01        -5.1020301711692757E-02         9.1417312586772093E-01 
        4.0197552891581440E-01        -3.0809875793701633E-02         9.1513998913670147E-01 
        4.0227643204323538E-01        -1.0580682998737165E-02         9.1546517302528119E-01 
        4.0302084981259467E-01         9.6371764561348026E-03         9.1514811960529008E-01 
        4.0420750596654548E-01         2.9813627907899522E-02         9.1418937470883777E-01 
        4.0583413133851287E-01         4.9918715310968260E-02         9.1259058535686710E-01 
        4.0789747231575735E-01         6.9922693664018293E-02         9.1035449202629548E-01 
        4.1039330327109336E-01         8.9796120273103686E-02         9.0748491581255575E-01 
        4.1331644287420666E-01         1.0950994433415463E-01         9.0398674058160799E-01 
        4.1666077416471459E-01         1.2903559433279713E-01         8.9986589024183705E-01 
        4.2041926824157527E-01         1.4834506277872969E-01         8.9512930130118940E-01 
        4.2458401139734714E-01         1.6741098781528457E-01         8.8978489090823121E-01 
        4.2914623550148695E-01         1.8620673127219542E-01         8.8384152060703791E-01 
        4.3409635141456998E-01         2.0470645276043087E-01         8.7730895606479764E-01 
        4.3942398519517373E-01         2.2288517944212169E-01         8.7019782305737281E-01 
        4.4511801684340629E-01         2.4071887114549884E-01         8.6251956002161734E-01 
        4.5116662130991503E-01         2.5818448053407772E-01         8.5428636750377240E-01 
        4.5755731148662337E-01         2.7526000808052237E-01         8.4551115485064643E-01 
        4.6427698288563518E-01         2.9192455163841047E-01         8.3620748450436833E-01 
        4.7131195970573520E-01         3.0815835044871465E-01         8.2638951427225282E-01 
        4.7864804198170385E-01         3.2394282346217845E-01         8.1607193795063759E-01 
        4.8627055351015558E-01         3.3926060190296758E-01         8.0526992468560554E-01 
        4.9416439024701497E-01         3.5409555604295512E-01         7.9399905745408006E-01 
        5.0231406887561958E-01         3.6843281619899915E-01         7.8227527104629779E-01 
        5.1070377525097066E-01         3.8225878800746516E-01         7.7011478992492977E-01 
        5.1931741243453944E-01         3.9556116207036862E-01         7.5753406632755671E-01 
        5.2813864804521049E-01         4.0832891810574096E-01         7.4454971896779487E-01 
        5.3715096066517054E-01         4.2055232377064033E-01         7.3117847267647140E-01 
        5.4633768505465408E-01         4.3222292835854059E-01         7.1743709930800592E-01 
        5.5568205594622466E-01         4.4333355160319809E-01         7.0334236021890928E-01 
        5.6516725020750735E-01         4.5387826784849161E-01         6.8891095060520713E-01 
        5.7477642718070621E-01         4.6385238586789307E-01         6.7415944596403854E-01 
        5.8449276702768105E-01         4.7325242463803618E-01         6.5910425092190605E-01 
        5.9429950693052869E-01         4.8207608538834895E-01         6.4376155064826923E-01 
        6.0417997501932663E-01         4.9032222026269806E-01         6.2814726504881990E-01 
        6.1411762192073127E-01         4.9799079793964479E-01         6.1227700590794509E-01 
        6.2409604984319000E-01         5.0508286656513601E-01         5.9616603712501037E-01 
        6.3409903913656374E-01         5.1160051435544462E-01         5.7982923816429388E-01 
        6.4411057228560953E-01         5.1754682822895104E-01         5.6328107081399803E-01 
        6.5411485531799995E-01         5.2292585082314169E-01         5.4653554932590553E-01 
        6.6409633662810497E-01         5.2774253624810907E-01         5.2960621398423502E-01 
        6.7403972323754902E-01         5.3200270492006041E-01         5.1250610813008923E-01 
        6.8392999453240300E-01         5.3571299780813975E-01         4.9524775864694637E-01 
        6.9375241353470807E-01         5.3888083041537038E-01         4.7784315989284187E-01 
        7.0349253578275339E-01         5.4151434680004684E-01         4.6030376104648196E-01 
        7.1313621591005494E-01         5.4362237392761470E-01         4.4264045681752306E-01 
        7.2266961202727376E-01         5.4521437662524508E-01         4.2486358145573283E-01 
        7.3207918802430161E-01         5.4630041339221913E-01         4.0698290597970338E-01 
        7.4135171392142774E-01         5.4689109329899832E-01         3.8900763853333437E-01 
        7.5047426440889298E-01         5.4699753418681896E-01         3.7094642776728853E-01 
        7.5943421572316472E-01         5.4663132235797496E-01         3.5280736913316346E-01 
        7.6821924101604455E-01         5.4580447392485643E-01         3.3459801397004107E-01 
        7.7681730437916541E-01         5.4452939796350208E-01         3.1632538125644122E-01 
        7.8521665369170768E-01         5.4281886159507209E-01         2.9799597189530630E-01 
        7.9340581246315545E-01         5.4068595709643252E-01         2.7961578539552828E-01 
        8.0137357084581917E-01         5.3814407111910767E-01         2.6119033881047976E-01 
        8.0910897599360987E-01         5.3520685607435659E-01         2.4272468779199785E-01 
        8.1660132194426160E-01         5.3188820372116308E-01         2.2422344961718774E-01 
        8.2384013920193788E-01         5.2820222097362746E-01         2.0569082804503297E-01 
        8.3081518419591160E-01         5.2416320792468585E-01         1.8713063986021639E-01 
        8.3751642878889632E-01         5.1978563806436384E-01         1.6854634296238541E-01 
        8.4393405000563826E-01         5.1508414065294994E-01         1.4994106586046796E-01 
        8.5005842014864053E-01         5.1007348519251650E-01         1.3131763843327268E-01 
        8.5588009746335447E-01         5.0476856792440228E-01         1.1267862381949102E-01 
        8.6138981750996602E-01         4.9918440026530553E-01         9.4026351302155933E-02 
        8.6657848539299709E-01         4.9333609908083997E-01         7.5362950054632505E-02 
        8.7143716899337886E-01         4.8723887868261984E-01         5.6690383617070648E-02 
        8.7595709334046679E-01         4.8090804442322743E-01         3.8010484974047062E-02 
        8.8012963625369300E-01         4.7435898775276925E-01         1.9324992105604996E-02 
        8.8394632537513629E-01         4.6760718259120931E-01         6.3558388518542550E-04 
        8.8739883670534392E-01         4.6066818286214956E-01        -1.8056083801176136E-02 
        8.9047899474516556E-01         4.5355762102640040E-01        -3.6748341839423264E-02 
        8.9317877433625981E-01         4.4629120744728878E-01        -5.5439471700703617E-02 
        8.9549030428222320E-01         4.3888473041449755E-01        -7.4127669408310878E-02 
        8.9740587282101159E-01         4.3135405664906068E-01        -9.2811009784063994E-02 
        8.9891793500753125E-01         4.2371513210901374E-01        -1.1148741110071370E-01 
        9.0001912205283052E-01         4.1598398291328925E-01        -1.3015460026837161E-01 
        9.0070225265337589E-01         4.0817671620053952E-01        -1.4881007868448179E-01 
        9.0096034633037669E-01         4.0030952073975951E-01        -1.6745108887874266E-01 
        9.0078663878505050E-01         3.9239866711096427E-01        -1.8607458208638436E-01 
        9.0017459926114241E-01         3.8446050727661807E-01        -2.0467718688534567E-01 
        8.9911794989092619E-01         3.7651147336810131E-01        -2.2325517903503639E-01 
        8.9761068698537561E-01         3.6856807551630316E-01        -2.4180445265641584E-01 
        8.9564710421322213E-01         3.6064689856133375E-01        -2.6032049289504988E-01 
        8.9322181759730357E-01         3.5276459748347028E-01        -2.7879835021035310E-01 
        8.9032979223996545E-01         3.4493789140576525E-01        -2.9723261643547960E-01 
        8.8696637067243744E-01         3.3718355602825989E-01        -3.1561740275296851E-01 
        8.8312730270613626E-01         3.2951841436441220E-01        -3.3394631973133165E-01 
        8.7880877664681112E-01         3.2195932566231650E-01        -3.5221245956702812E-01 
        8.7400745171552974E-01         3.1452317240628808E-01        -3.7040838067474935E-01 
        8.6872049150378827E-01         3.0722684530868322E-01        -3.8852609476628985E-01 
        8.6294559827363293E-01         3.0008722621715400E-01        -4.0655705655470281E-01 
        8.5668104789782207E-01         2.9312116887897322E-01        -4.2449215621549918E-01 
        8.4992572521979959E-01         2.8634547752155332E-01        -4.4232171473055487E-01 
        8.4267915959886763E-01         2.7977688322668914E-01        -4.6003548223282886E-01 
        8.3494156039253353E-01         2.7343201809530859E-01        -4.7762263946103811E-01 
        8.2671385211575987E-01         2.6732738721961058E-01        -4.9507180242296289E-01 
        8.1799770900596414E-01         2.6147933850017530E-01        -5.1237103035410447E-01 
        8.0879558871329604E-01         2.5590403036684756E-01        -5.2950783704482518E-01 
        7.9911076482809362E-01         2.5061739748380701E-01        -5.4646920559409118E-01 
        7.8894735795173720E-01         2.4563511454107026E-01        -5.6324160663127354E-01 
        7.7831036501343265E-01         2.4097255825654404E-01        -5.7981102002949358E-01 
        7.6720568653410526E-01         2.3664476773449042E-01        -5.9616296011445524E-01 
        7.5564015153950825E-01         2.3266640334759520E-01        -6.1228250435203280E-01 
        7.4362153982815937E-01         2.2905170433071842E-01        -6.2815432547589867E-01 
        7.3115860130577870E-01         2.2581444529443151E-01        -6.4376272699354720E-01 
        7.1826107210670387E-01         2.2296789188550734E-01        -6.5909168198522539E-01 
        7.0493968723430678E-01         2.2052475583938688E-01        -6.7412487508577701E-01 
        6.9120618946675638E-01         2.1849714968603387E-01        -6.8884574751445160E-01 
        6.7707333429163363E-01         2.1689654138532996E-01        -7.0323754499251134E-01 
        6.6255489065275530E-01         2.1573370918100876E-01        -7.1728336836331508E-01 
        6.4766563731519289E-01         2.1501869697287798E-01        -7.3096622670461397E-01 
        6.3242135467960903E-01         2.1476077051556461E-01        -7.4426909269847763E-01 
        6.1683881190470424E-01         2.1496837475802849E-01        -7.5717496000072748E-01 
        6.0093574922645709E-01         2.1564909264148041E-01        -7.6966690232936585E-01 
        5.8473085539485836E-01         2.1680960567399032E-01        -7.8172813397048369E-01 
        5.6824374018262769E-01         2.1845565659785263E-01        -7.9334207138085810E-01 
        5.5149490195581863E-01         2.2059201446062590E-01        -8.0449239554907193E-01 
        5.3450569033279938E-01         2.2322244239260935E-01        -8.1516311476192804E-01 
        5.1729826399567935E-01         2.2634966838238602E-01        -8.2533862741025954E-01 
        4.9989554375630596E-01         2.2997535932794042E-01        -8.3500378445833812E-01 
        4.8232116101727313E-01         2.3410009862380265E-01        -8.4414395119403784E-01 
        4.6459940180640658E-01         2.3872336752480608E-01        -8.5274506787297688E-01 
        4.4675514660068710E-01         2.4384353050446234E-01        -8.6079370886911233E-01 
        4.2881380619193971E-01         2.4945782480086304E-01        -8.6827713994687217E-01 
        4.1080125388168309E-01         2.5556235431557911E-01        -8.7518337327586437E-01 
        3.9274375432561576E-01         2.6215208800148487E-01        -8.8150121981864848E-01 
        3.7466788937924345E-01         2.6922086284411550E-01        -8.8722033873480166E-01 
        3.5660048132443001E-01         2.7676139150827622E-01        -8.9233128346072088E-01 
        3.3856851388212256E-01         2.8476527468747198E-01        -8.9682554414399007E-01 
        3.2059905143863160E-01         2.9322301815882573E-01        -9.0069558613366985E-01 
        3.0271915693145462E-01         3.0212405451064966E-01        -9.0393488425332758E-01 
        2.8495580885551447E-01         3.1145676947419609E-01        -9.0653795261178405E-01 
        2.6733581786144722E-01         3.2120853275573014E-01        -9.0850036973719250E-01 
        2.4988574342433492E-01         3.3136573323024171E-01        -9.0981879885286909E-01 
        2.3263181106368766E-01         3.4191381832438661E-01        -9.1049100314789566E-01 
        2.1559983059364332E-01         3.5283733738369633E-01        -9.1051585593170170E-01 
        1.9881511587611872E-01         3.6411998878836682E-01        -9.0989334559909674E-01 
        1.8230240653927024E-01         3.7574467055319755E-01        -9.0862457537025731E-01 
        1.6608579210895325E-01         3.8769353412085306E-01        -9.0671175780857172E-01 
        1.5018863898229620E-01         3.9994804103381082E-01        -9.0415820415761017E-01 
        1.3463352065002979E-01         4.1248902214945549E-01        -9.0096830857642374E-01 
        1.1944215154825293E-01         4.2529673904491683E-01        -8.9714752738948034E-01 
        1.0463532489104396E-01         4.3835094724369522E-01        -8.9270235350342453E-01 
        9.0232854803059370E-02         4.5163096088480398E-01        -8.8764028617726776E-01 
        7.6253523036492465E-02         4.6511571844751953E-01        -8.8196979636497541E-01 
        6.2715030519817513E-02         4.7878384914060279E-01        -8.7570028787965992E-01 
        4.9633953946804824E-02         4.9261373956409604E-01        -8.6884205465634878E-01 
        3.7025707574315038E-02         5.0658360025469873E-01        -8.6140623441520869E-01 
        2.4904510356191407E-02         5.2067153173190650E-01        -8.5340475904915114E-01 
        1.3283358499109499E-02         5.3485558967162905E-01        -8.4485030207858647E-01 
        2.1740034845972398E-03         5.4911384884667158E-01        -8.3575622353171386E-01 
       -8.4130644397223450E-03         5.6342446548904690E-01        -8.2613651262098853E-01 
       -1.8468627336960010E-02         5.7776573774750994E-01        -8.1600572859519516E-01 
       -2.7984745302342375E-02         5.9211616393445798E-01        -8.0537894015204081E-01 
       -3.6954756943164718E-02         6.0645449827944964E-01        -7.9427166379819347E-01 
       -4.5373274767061933E-02         6.2075980393151597E-01        -7.8269980154247232E-01 
       -5.3236175661616932E-02         6.3501150297905373E-01        -7.7067957830345335E-01 
       -6.0540586679210431E-02         6.4918942328403173E-01        -7.5822747940523838E-01 
       -6.7284866369162463E-02         6.6327384195604544E-01        -7.4536018852486752E-01 
       -7.3468581924310467E-02         6.7724552532137428E-01        -7.3209452644180395E-01 
       -7.9092482431153202E-02         6.9108576527210441E-01        -7.1844739092451115E-01 
       -8.4158468531462152E-02         7.0477641191033003E-01        -7.0443569807154394E-01 
       -8.8669558818668767E-02         7.1829990243217601E-01        -6.9007632540505026E-01 
       -9.2629853304446383E-02         7.3163928622558272E-01        -6.7538605699342802E-01 
       -9.6044494299637628E-02         7.4477824618417754E-01        -6.6038153085738005E-01 
       -9.8919625059078600E-02         7.5770111626695802E-01        -6.4507918889001314E-01 
       -1.0126234654206519E-01         7.7039289535963462E-01        -6.2949522949729220E-01 
       -1.0308067263929736E-01         7.8283925751816652E-01        -6.1364556314025998E-01 
       -1.0438348421320359E-01         7.9502655869811556E-01        -5.9754577093537575E-01 
       -1.0518048229183698E-01         8.0694184009479275E-01        -5.8121106644420040E-01 
       -1.0548214074715909E-01         8.1857282823862032E-01        -5.6465626075890463E-01 
       -1.0529965877675322E-01         8.2990793200771418E-01        -5.4789573096571265E-01 
       -1.0464491349401123E-01         8.4093623673517404E-01        -5.3094339204483554E-01 
       -1.0353041291587300E-01         8.5164749560209652E-01        -5.1381267224268345E-01 
       -1.0196924961949405E-01         8.6203211851874584E-01        -4.9651649193052344E-01 
       -9.9975055320015105E-02         8.7208115870573932E-01        -4.7906724594321920E-01 
       -9.7561956601165845E-02         8.8178629719448987E-01        -4.6147678937256759E-01 
       -9.4744532008961491E-02         8.9113982547162562E-01        -4.4375642677193222E-01 
       -9.1537770696518833E-02         9.0013462649566145E-01        -4.2591690471258448E-01 
       -8.7957032785228526E-02         9.0876415431598701E-01        -4.0796840761735165E-01 
       -8.4018011584382532E-02         9.1702241252431560E-01        -3.8992055678388488E-01 
       -7.9736697788121411E-02         9.2490393176721386E-01        -3.7178241249814803E-01 
       -7.5129345745359705E-02         9.3240374654535896E-01        -3.5356247912843997E-01 
       -7.0212441875404624E-02         9.3951737152078407E-01        -3.3526871308155592E-01 
       -6.5002675279428448E-02         9.4624077754781311E-01        -3.1690853349528453E-01 
       -5.9516910575961472E-02         9.5257036763664182E-01        -2.9848883553548339E-01 
       -5.3772162967227956E-02         9.5850295305084887E-01        -2.8001600616118622E-01 
       -4.7785575522642044E-02         9.6403572973150964E-01        -2.6149594221766653E-01 
       -4.1574398646121370E-02         9.6916625523127120E-01        -2.4293407071482664E-01 
       -3.5155971675215024E-02         9.7389242633173889E-01        -2.2433537114677315E-01 
       -2.8547706542419043E-02         9.7821245750700447E-01        -2.0570439970768845E-01 
       -2.1767073412557163E-02         9.8212486038514368E-01        -1.8704531525916207E-01 
       -1.4831588194701822E-02         9.8562842434817022E-01        -1.6836190690472438E-01 
       -7.7588018129636201E-03         9.8872219839930009E-01        -1.4965762302847785E-01 
       -5.6629110747937069E-04         9.9140547441451865E-01        -1.3093560165615770E-01 
        6.7283487748124688E-03         9.9367777188345108E-01        -1.1219870199874736E-01 
        1.4107510650513768E-02         9.9553882423242901E-01        -9.3449537040619549E-02 
        2.1553580391423313E-02         9.9698856681047510E-01        -7.4690507036196244E-02 
        2.9048941005681228E-02         9.9802712660675397E-01        -5.5923833780973396E-02 
        3.6575975883387034E-02         9.9865481375583898E-01        -3.7151595524636455E-02 
        4.4117071387217877E-02         9.9887211487500138E-01        -1.8375762395564585E-02 
        5.1654618972798723E-02         9.9867968826560249E-01         4.0176779257980401E-04 
