        3.7259999999999999E-01         0.0000000000000000E+00         9.2800000000000005E-01 
        3.7216459197583796E-01        -2.0233916778738259E-02         9.2795413202058230E-01 
        3.7085841154924853E-01        -4.0459523718830985E-02         9.2781563345579532E-01 
        3.6868159436369419E-01        -6.0668417599905593E-02         9.2758182356547991E-01 
        3.6563438214861521E-01        -8.0852009026242400E-02         9.2724824492290869E-01 
        3.6171714609669264E-01        -1.0100143080929855E-01         9.2680867915818588E-01 
        3.5693041938116798E-01        -1.2110744811421292E-01         9.2625516906173200E-01 
        3.5127493860006270E-01        -1.4116037095768338E-01         9.2557804710879177E-01 
        3.4475169387266513E-01        -1.6114996964375841E-01         9.2476597047963527E-01 
        3.3736198725483174E-01        -1.8106539372260305E-01         9.2380596266003612E-01 
        3.2910749907674791E-01        -2.0089509505492695E-01         9.2268346171479299E-01 
        3.1999036174474360E-01        -2.2062675556117220E-01         9.2138237533100920E-01 
        3.1001324048935192E-01        -2.4024722022944417E-01         9.1988514272660626E-01 
        2.9917942047910645E-01        -2.5974243594908342E-01         9.1817280351491948E-01 
        2.8749289965942704E-01        -2.7909739672741213E-01         9.1622507360576677E-01 
        2.7495848661658895E-01        -2.9829609583501471E-01         9.1402042820759444E-01 
        2.6158190270778398E-01        -3.1732148540963656E-01         9.1153619197420488E-01 
        2.4736988764181522E-01        -3.3615544402983588E-01         9.0874863631241998E-01 
        2.3233030764027340E-01        -3.5477875274663928E-01         9.0563308383419450E-01 
        2.1647226525638127E-01        -3.7317108003409732E-01         9.0216401989818074E-01 
        1.9980620988299841E-01        -3.9131097608765320E-01         8.9831521114057333E-01 
        1.8234404793116291E-01        -4.0917587686192280E-01         8.9405983084655871E-01 
        1.6409925162900721E-01        -4.2674211819726859E-01         8.8937059095634952E-01 
        1.4508696534850238E-01        -4.4398496033625312E-01         8.8421988044177913E-01 
        1.2532410834857363E-01        -4.6087862307777383E-01         8.7857990972289435E-01 
        1.0482947279093927E-01        -4.7739633175670704E-01         8.7242286072814790E-01 
        8.3623815886378128E-02        -4.9351037417259652E-01         8.6572104212749135E-01 
        6.1729945014022146E-02        -5.0919216851977833E-01         8.5844704919626469E-01 
        3.9172794667197218E-02        -5.2441234229577338E-01         8.5057392769146634E-01 
        1.5979494092211839E-02        -5.3914082208381908E-01         8.4207534104670723E-01 
       -7.8205754841224450E-03        -5.5334693402044599E-01         8.3292574011656340E-01 
       -3.2195735108488006E-02        -5.6699951466955634E-01         8.2310053462793376E-01 
       -5.7111974855884255E-02        -5.8006703193225562E-01         8.1257626542486561E-01 
       -8.2532934043301753E-02        -5.9251771552701149E-01         8.0133077652644902E-01 
       -1.0841989579043203E-01        -6.0431969647790562E-01         7.8934338595567244E-01 
       -1.3473179672498614E-01        -6.1544115495274399E-01         7.7659505424135100E-01 
       -1.6142525253983719E-01        -6.2585047569544361E-01         7.6306854944746538E-01 
       -1.8845459999554148E-01        -6.3551641020328953E-01         7.4874860754461947E-01 
       -2.1577195584571912E-01        -6.4440824470729763E-01         7.3362208690866004E-01 
       -2.4332729303054837E-01        -6.5249597292677142E-01         7.1767811571253992E-01 
       -2.7106853434679551E-01        -6.5975047248638719E-01         7.0090823097005284E-01 
       -2.9894166365370173E-01        -6.6614368380892264E-01         6.8330650799512938E-01 
       -3.2689085451818550E-01        -6.7164879022958279E-01         6.6486967905882854E-01 
       -3.5485861604569596E-01        -6.7624039801866076E-01         6.4559724005757024E-01 
       -3.8278595547634714E-01        -6.7989471495180276E-01         6.2549154405209628E-01 
       -4.1061255695754195E-01        -6.8258972603138424E-01         6.0455788059688709E-01 
       -4.3827697574199626E-01        -6.8430536493667016E-01         5.8280453985285041E-01 
       -4.6571684688867099E-01        -6.8502367977164669E-01         5.6024286056477257E-01 
       -4.9286910738020095E-01        -6.8472899168397561E-01         5.3688726108701823E-01 
       -5.1967023042805327E-01        -6.8340804493985940E-01         5.1275525275100908E-01 
       -5.4605647056202378E-01        -6.8105014708398859E-01         4.8786743500021273E-01 
       -5.7196411798516034E-01        -6.7764729785133748E-01         4.6224747184889708E-01 
       -5.9732976053209241E-01        -6.7319430556794202E-01         4.3592204937086992E-01 
       -6.2209055145844938E-01        -6.6768888985491759E-01         4.0892081407784314E-01 
       -6.4618448120225325E-01        -6.6113176953455266E-01         3.8127629220246978E-01 
       -6.6955065114494439E-01        -6.5352673476419032E-01         3.5302379007846324E-01 
       -6.9212954737598187E-01        -6.4488070251814578E-01         3.2420127596288462E-01 
       -7.1386331238312606E-01        -6.3520375469555579E-01         2.9484924383012473E-01 
       -7.3469601260772865E-01        -6.2450915824471109E-01         2.6501055981667865E-01 
       -7.5457389976633515E-01        -6.1281336687290000E-01         2.3473029217636238E-01 
       -7.7344566387643143E-01        -6.0013600405990153E-01         2.0405552575825014E-01 
       -7.9126267598076538E-01        -5.8649982724249405E-01         1.7303516216181383E-01 
       -8.0797921859882493E-01        -5.7193067323539049E-01         1.4171970688292970E-01 
       -8.2355270205234044E-01        -5.5645738509268317E-01         1.1016104487617040E-01 
       -8.3794386489748929E-01        -5.4011172080467795E-01         7.8412206088207301E-02 
       -8.5111695683105970E-01        -5.2292824438586105E-01         4.6527122615399916E-02 
       -8.6303990258896579E-01        -5.0494420006359408E-01         1.4560379219746272E-02 
       -8.7368444550571034E-01        -4.8619937044977002E-01        -1.7433040985058310E-02 
       -8.8302626959174324E-01        -4.6673591971025152E-01        -4.9398013824021862E-02 
       -8.9104509916942887E-01        -4.4659822289261158E-01        -8.1279532438675042E-02 
       -8.9772477531005146E-01        -4.2583268269714419E-01        -1.1302296485244875E-01 
       -9.0305330852498100E-01        -4.0448753508304464E-01        -1.4457430883436742E-01 
       -9.0702290737328140E-01        -3.8261264520938210E-01        -1.7588044219430915E-01 
       -9.0962998287107888E-01        -3.6025929527786993E-01        -2.0688936669667890E-01 
       -9.1087512880065846E-01        -3.3747996591722895E-01        -2.3755044384032042E-01 
       -9.1076307823129266E-01        -3.1432811280082290E-01        -2.6781462083337870E-01 
       -9.0930263677894441E-01        -2.9085794019922101E-01        -2.9763464519946631E-01 
       -9.0650659332779382E-01        -2.6712417319969839E-01        -3.2696526655693786E-01 
       -9.0239160913288341E-01        -2.4318183030372625E-01        -3.5576342424688895E-01 
       -8.9697808640159793E-01        -2.1908599809528062E-01        -3.8398841962212849E-01 
       -8.9029001761917670E-01        -1.9489160962282798E-01        -4.1160207196177667E-01 
       -8.8235481703276675E-01        -1.7065322808544428E-01        -4.3856885713101207E-01 
       -8.7320313584251130E-01        -1.4642483733245351E-01        -4.6485602827126560E-01 
       -8.6286866276225316E-01        -1.2225964060133808E-01        -4.9043371797172480E-01 
       -8.5138791170778994E-01        -9.8209868813086285E-02        -5.1527502154315030E-01 
       -8.3879999844536646E-01        -7.4326599632456372E-02        -5.3935606118287849E-01 
       -8.2514640808755746E-01        -5.0659588377121513E-02        -5.6265603098613881E-01 
       -8.1047075535732060E-01        -2.7257111726844058E-02        -5.8515722292100536E-01 
       -7.9481853955429904E-01        -4.1658250471544207E-03        -6.0684503403965251E-01 
       -7.7823689615100033E-01         1.8569365999303204E-02        -6.2770795534637458E-01 
       -7.6077434692021439E-01         4.0905419028902566E-02        -6.4773754288217888E-01 
       -7.4248055045127437E-01         6.2801253318184730E-02        -6.6692837171301811E-01 
       -7.2340605485119791E-01         8.4217832755598132E-02        -6.8527797362562570E-01 
       -7.0360205435002721E-01         1.0511823327055239E-01        -7.0278675943828850E-01 
       -6.8312015143844962E-01         1.2546769478613648E-01        -7.1945792692439714E-01 
       -6.6201212606177950E-01         1.4523365787634732E-01        -7.3529735542321528E-01 
       -6.4032971327987098E-01         1.6438578543509058E-01        -7.5031348827457900E-01 
       -6.1812439067901170E-01         1.8289596978316816E-01        -7.6451720426246472E-01 
       -5.9544717669069913E-01         2.0073832575104378E-01        -7.7792167928659817E-01 
       -5.7234844083572323E-01         2.1788917037672947E-01        -7.9054223950166080E-01 
       -5.4887772677226843E-01         2.3432698994843151E-01        -8.0239620717070115E-01 
       -5.2508358888492845E-01         2.5003239520235887E-01        -8.1350274047390936E-01 
       -5.0101344300908968E-01         2.6498806555683874E-01        -8.2388266849652747E-01 
       -4.7671343174546232E-01         2.7917868332013929E-01        -8.3355832259140228E-01 
       -4.5222830468049569E-01         2.9259085886029768E-01        -8.4255336527334701E-01 
       -4.2760131369568882E-01         3.0521304775972524E-01        -8.5089261775532266E-01 
       -4.0287412342139756E-01         3.1703546100192326E-01        -8.5860188718190644E-01 
       -3.7808673676694132E-01         3.2804996925816815E-01        -8.6570779455362157E-01 
       -3.5327743534571981E-01         3.3825000234485109E-01        -8.7223760426913000E-01 
       -3.2848273450847754E-01         3.4763044491760897E-01        -8.7821905614175455E-01 
       -3.0373735259818269E-01         3.5618752946071280E-01        -8.8368020067234909E-01 
       -2.7907419395227917E-01         3.6391872760845628E-01        -8.8864923828506770E-01 
       -2.5452434509974653E-01         3.7082264080654903E-01        -8.9315436315680519E-01 
       -2.3011708352553620E-01         3.7689889129777510E-01        -8.9722361219274815E-01 
       -2.0587989832352763E-01         3.8214801435998225E-01        -9.0088471963002170E-01 
       -1.8183852199690220E-01         3.8657135270178644E-01        -9.0416497767382731E-01 
       -1.5801697262869541E-01         3.9017095386165856E-01        -9.0709110350359101E-01 
       -1.3443760561202228E-01         3.9294947140463271E-01        -9.0968911292130861E-01 
       -1.1112117410117721E-01         3.9491007066238015E-01        -9.1198420085127274E-01 
       -8.8086897326540195E-02         3.9605633970735465E-01        -9.1400062884312561E-01 
       -6.5352535908981296E-02         3.9639220618857118E-01        -9.1576161968073022E-01 
       -4.2934473302078807E-02         3.9592186060432932E-01        -9.1728925915140269E-01 
       -2.0847802494444526E-02         3.9464968652480475E-01        -9.1860440499112805E-01 
        8.9358289027006554E-04         3.9258019822196460E-01        -9.1972660298569564E-01 
        2.2276893943537480E-02         3.8971798610095437E-01        -9.2067401018110284E-01 
        4.3290349107112748E-02         3.8606767027389205E-01        -9.2146332513188267E-01 
        6.3923074906305721E-02         3.8163386255541326E-01        -9.2210972510067346E-01 
        8.4165005572904975E-02         3.7642113710364811E-01        -9.2262681011036618E-01 
        1.0400678232446589E-01         3.7043400987391123E-01        -9.2302655374401521E-01 
        1.2343965304047518E-01         3.6367692699764498E-01        -9.2331926058593927E-01 
        1.4245537304679382E-01         3.5615426214275231E-01        -9.2351353020130644E-01 
        1.6104610769154257E-01         3.4787032285903807E-01        -9.2361622755780026E-01 
        1.7920433736361449E-01         3.3882936585566648E-01        -9.2363245980514497E-01 
        1.9692276558084709E-01         3.2903562111522594E-01        -9.2356555933666629E-01 
        2.1419423073202296E-01         3.1849332467618391E-01        -9.2341707308267296E-01 
        2.3101162204192366E-01         3.0720675989006985E-01        -9.2318675799022254E-01 
        2.4736780028407768E-01         2.9518030688488561E-01        -9.2287258267359751E-01 
        2.6325552373813560E-01         2.8241849991986095E-01        -9.2247073523645073E-01 
        2.7866737986884660E-01         2.6892609228338815E-01        -9.2197563727682319E-01 
        2.9359572315441246E-01         2.5470812830388823E-01        -9.2137996411925027E-01 
        3.0803261947350080E-01         2.3977002201320555E-01        -9.2067467132477432E-01 
        3.2196979742397924E-01         2.2411764194286357E-01        -9.1984902754835374E-01 
        3.3539860691620005E-01         2.0775740148546856E-01        -9.1889065382404611E-01 
        3.4830998534568741E-01         1.9069635419416048E-01        -9.1778556937145273E-01 
        3.6069443162125969E-01         1.7294229335101360E-01        -9.1651824401850801E-01 
        3.7254198828647245E-01         1.5450385508070874E-01        -9.1507165733948259E-01 
        3.8384223193473060E-01         1.3539062423562323E-01        -9.1342736460455398E-01 
        3.9458427208161645E-01         1.1561324223402886E-01        -9.1156556962811164E-01 
        4.0475675861571825E-01         9.5183515984545594E-02        -9.0946520459107494E-01 
        4.1434789790706139E-01         7.4114526987622970E-02        -9.0710401689350517E-01 
        4.2334547760681879E-01         5.2420739663841642E-02        -9.0445866306971168E-01 
        4.3173690012596949E-01         3.0118107924365464E-02        -9.0150480976713188E-01 
        4.3950922472916581E-01         7.2241789639284123E-03        -8.9821724175532969E-01 
        4.4664921812881375E-01        -1.6241806768950835E-02        -8.9456997688910178E-01 
        4.5314341340935749E-01        -4.0258820491997457E-02        -8.9053638790256806E-01 
        4.5897817705557048E-01        -6.4803955980843958E-02        -8.8608933085804320E-01 
        4.6413978379999349E-01        -8.9852347521103812E-02        -8.8120128001570408E-01 
        4.6861449894253526E-01        -1.1537709601140415E-01        -8.7584446882832412E-01 
        4.7238866773613086E-01        -1.4134920429434517E-01        -8.6999103669770050E-01 
        4.7544881136711870E-01        -1.6773752277702486E-01        -8.6361318106060814E-01 
        4.7778172899609034E-01        -1.9450870637304457E-01        -8.5668331429929379E-01 
        4.7937460526378550E-01        -2.2162718375543447E-01        -8.4917422489662298E-01 
        4.8021512259998345E-01        -2.4905513986504177E-01        -8.4105924218195072E-01 
        4.8029157761630920E-01        -2.7675251255114725E-01        -8.3231240393736872E-01 
        4.7959300080357226E-01        -3.0467700414959642E-01        -8.2290862606053516E-01 
        4.7810927869593600E-01        -3.3278410872141090E-01        -8.1282387340880813E-01 
        4.7583127761625604E-01        -3.6102715557269521E-01        -8.0203533088021162E-01 
        4.7275096806588091E-01        -3.8935736957314832E-01        -7.9052157372360132E-01 
        4.6886154878266512E-01        -4.1772394866862017E-01        -7.7826273601198803E-01 
        4.6415756945314340E-01        -4.4607415885666418E-01        -7.6524067616203417E-01 
        4.5863505103845276E-01        -4.7435344675317093E-01        -7.5143913833957288E-01 
        4.5229160265197105E-01        -5.0250556973272420E-01        -7.3684390855727289E-01 
        4.4512653391530982E-01        -5.3047274347082973E-01        -7.2144296424694632E-01 
        4.3714096171735678E-01        -5.5819580655591083E-01        -7.0522661607663462E-01 
        4.2833791030862617E-01        -5.8561440167490331E-01        -6.8818764078227057E-01 
        4.1872240368118419E-01        -6.1266717270953608E-01        -6.7032140379603833E-01 
        4.0830154921491174E-01        -6.3929197691131034E-01        -6.5162597047950355E-01 
        3.9708461161115732E-01        -6.6542611115668471E-01        -6.3210220480917922E-01 
        3.8508307618172194E-01        -6.9100655112403708E-01        -6.1175385441471031E-01 
        3.7231070063350341E-01        -7.1597020206733675E-01        -5.9058762093911688E-01 
        3.5878355455383099E-01        -7.4025415971804520E-01        -5.6861321477036786E-01 
        3.4452004589188495E-01        -7.6379597970003155E-01        -5.4584339328957654E-01 
        3.2954093381740573E-01        -7.8653395371801393E-01        -5.2229398188667475E-01 
        3.1386932745841178E-01        -8.0840739065171663E-01        -4.9798387711888237E-01 
        2.9753067011295370E-01        -8.2935690059999734E-01        -4.7293503151341937E-01 
        2.8055270866257337E-01        -8.4932467982604465E-01        -4.4717241966039445E-01 
        2.6296544803389887E-01        -8.6825479449416088E-01        -4.2072398538934513E-01 
        2.4480109069445424E-01        -8.8609346103893549E-01        -3.9362056998248512E-01 
        2.2609396129245080E-01        -9.0278932098993780E-01        -3.6589582153610378E-01 
        2.0688041669790469E-01        -9.1829370806809563E-01        -3.3758608575081933E-01 
        1.8719874183280943E-01        -9.3256090539521130E-01        -3.0873027859621038E-01 
        1.6708903181410212E-01        -9.4554839070232721E-01        -2.7936974146185056E-01 
        1.4659306107555678E-01        -9.5721706748770918E-01        -2.4954807957456449E-01 
        1.2575414025082224E-01        -9.6753148017094381E-01        -2.1931098461642282E-01 
        1.0461696173174129E-01        -9.7646001139935756E-01        -1.8870604263452967E-01 
        8.3227434929037836E-02        -9.8397505979859090E-01        -1.5778252847728416E-01 
        6.1632512364901158E-02        -9.9005319661423585E-01        -1.2659118812417630E-01 
        3.9880007827732725E-02        -9.9467529986304415E-01        -9.5184010399982880E-02 
        1.8018407897502892E-02        -9.9782666480262194E-01        -6.3613989669537865E-02 
       -3.9033217767194678E-03        -9.9949708973157370E-01        -3.1934881202472308E-02 
       -2.5835934011274164E-02        -9.9968093634794686E-01        -2.0095097169248665E-04 
       -4.7730099956686839E-02        -9.9837716411877164E-01         3.1533278292949760E-02 
       -6.9536609797462123E-02        -9.9558933834530339E-01         6.3213282935749279E-02 
       -9.1206572770135774E-02        -9.9132561184425461E-01         9.4784794211593915E-02 
       -1.1269161499245289E-01        -9.8559868040202514E-01         1.2619405224812130E-01 
       -1.3394407361897417E-01        -9.7842571239380649E-01         1.5738805627349359E-01 
       -1.5491718587591938E-01        -9.6982825318953880E-01         1.8831480928828104E-01 
       -1.7556527157932966E-01        -9.5983210519172746E-01         2.1892355541650896E-01 
       -1.9584390781281427E-01        -9.4846718456132950E-01         2.4916500824822652E-01 
       -2.1571009451129622E-01        -9.3576735589023929E-01         2.7899156857330037E-01 
       -2.3512240980232724E-01        -9.2177024626077275E-01         3.0835753001882760E-01 
       -2.5404115405260846E-01        -9.0651704030191615E-01         3.3721927122046208E-01 
       -2.7242848168076611E-01        -8.9005225800160304E-01         3.6553543329174609E-01 
       -2.9024851992329476E-01        -8.7242351716138633E-01         3.9326708150150375E-01 
       -3.0746747386918866E-01        -8.5368128248602193E-01         4.2037785022229895E-01 
       -3.2405371720602005E-01        -8.3387860338777597E-01         4.4683407037015432E-01 
       -3.3997786826342885E-01        -8.1307084264370078E-01         4.7260487872261503E-01 
       -3.5521285107883938E-01        -7.9131539808100593E-01         4.9766230866883948E-01 
       -3.6973394133954007E-01        -7.6867141948552309E-01         5.2198136210961155E-01 
       -3.8351879720261456E-01        -7.4519952291410108E-01         5.4554006239454977E-01 
       -3.9654747512445226E-01        -7.2096150456225072E-01         5.6831948834468515E-01 
       -4.0880243095457036E-01        -6.9602005629092634E-01         5.9030378956356688E-01 
       -4.2026850667949467E-01        -6.7043848483887847E-01         6.1148018339254029E-01 
       -4.3093290331129391E-01        -6.4428043666143198E-01         6.3183893400492996E-01 
       -4.4078514052599410E-01        -6.1760963022695659E-01         6.5137331426619760E-01 
       -4.4981700375479955E-01        -5.9048959747999241E-01         6.7007955110700379E-01 
       -4.5802247951393865E-01        -5.6298343604937229E-01         6.8795675526303701E-01 
       -4.6539767984419939E-01        -5.3515357362623739E-01         7.0500683633215422E-01 
       -4.7194075678850372E-01        -5.0706154578983265E-01         7.2123440417906437E-01 
       -4.7765180789669748E-01        -4.7876778839157857E-01         7.3664665778660465E-01 
       -4.8253277378678094E-01        -4.5033144544460257E-01         7.5125326270557014E-01 
       -4.8658732882337430E-01        -4.2181019329756358E-01         7.6506621829479682E-01 
       -4.8982076599753444E-01        -3.9326008169931054E-01         7.7809971596915462E-01 
       -4.9223987709764233E-01        -3.6473539219773393E-01         7.9036998968534333E-01 
       -4.9385282926412577E-01        -3.3628851414747657E-01         8.0189515989531568E-01 
       -4.9466903900795950E-01        -3.0796983844415315E-01         8.1269507218474757E-01 
       -4.9469904475459864E-01        -2.7982766894793398E-01         8.2279113179044638E-01 
       -4.9395437894622929E-01        -2.5190815141465728E-01         8.3220613515688513E-01 
       -4.9244744070033791E-01        -2.2425521961505610E-01         8.4096409964901608E-01 
       -4.9019136998038693E-01        -1.9691055819541689E-01         8.4909009248740996E-01 
       -4.8719992418511188E-01        -1.6991358171827478E-01         8.5661005991397121E-01 
       -4.8348735801170251E-01        -1.4330142921372968E-01         8.6355065753243709E-01 
       -4.7906830739013734E-01        -1.1710897347925159E-01         8.6993908269957532E-01 
       -4.7395767822543589E-01        -9.1368844283948744E-02         8.7580290977133779E-01 
       -4.6817054062312941E-01        -6.6111464560938638E-02         8.8116992893380319E-01 
       -4.6172202920573746E-01        -4.1365098617872673E-02         8.8606798927480768E-01 
       -4.5462725006857885E-01        -1.7155911339391972E-02         8.9052484667490561E-01 
       -4.4690119485224061E-01         6.4919626718393728E-03         8.9456801702405875E-01 
       -4.3855866234816521E-01         2.9556341100749346E-02         8.9822463519652174E-01 
       -4.2961418798813428E-01         5.2016908169976880E-02         9.0152132014730046E-01 
       -4.2008198150683973E-01         7.3855122239650725E-02         9.0448404642682467E-01 
       -4.0997587300623189E-01         9.5054117859568521E-02         9.0713802234806040E-01 
       -3.9930926759149338E-01         1.1559860336495568E-01         9.0950757498281587E-01 
       -3.8809510869394576E-01         1.3547475509180473E-01         9.1161604211036207E-01 
       -3.7634585014039268E-01         1.5467010925920907E-01         9.1348567119565993E-01 
       -3.6407343698139150E-01         1.7317345254287433E-01         9.1513752543030003E-01 
       -3.5128929503833972E-01         1.9097471232102722E-01         9.1659139683634405E-01 
       -3.3800432908933947E-01         2.0806484754480409E-01         9.1786572639926900E-01 
       -3.2422892956378929E-01         2.2443574112956516E-01         9.1897753117715031E-01 
       -3.0997298758339559E-01         2.4008009473315969E-01         9.1994233830850702E-01 
       -2.9524591814296536E-01         2.5499132672815561E-01         9.2077412583264373E-01 
       -2.8005669118941084E-01         2.6916347412756098E-01         9.2148527022775018E-01 
       -2.6441387032613700E-01         2.8259109917859554E-01         9.2208650056643982E-01 
       -2.4832565883244878E-01         2.9526920127816852E-01         9.2258685919395211E-01 
       -2.3179995265872402E-01         3.0719313481611082E-01         9.2299366883787326E-01 
       -2.1484440002832933E-01         3.1835853350045062E-01         9.2331250606695459E-01 
       -1.9746646724493860E-01         3.2876124166083542E-01         9.2354718103139366E-01 
       -1.7967351027669801E-01         3.3839725297623691E-01         9.2369972343045215E-01 
       -1.6147285166065395E-01         3.4726265702104103E-01         9.2377037466967549E-01 
       -1.4287186223791301E-01         3.5535359396159261E-01         9.2375758619244941E-01 
       -1.2387804721175455E-01         3.6266621770105328E-01         9.2365802398079433E-01 
       -1.0449913597642113E-01         3.6919666768617587E-01         9.2346657925401376E-01 
       -8.4743175155231582E-02         3.7494104957241497E-01         9.2317638539554314E-01 
       -6.4618624243666087E-02         3.7989542486188843E-01         9.2277884116915643E-01 
       -4.4134453231075073E-02         3.8405580958614649E-01         9.2226364029610719E-01 
       -2.3300241548187238E-02         3.8741818205348300E-01         9.2161880747730895E-01 
       -2.1262776575748854E-03         3.8997849962031933E-01         9.2083074095761186E-01 
        1.9376341421455532E-02         3.9173272439190876E-01         9.1988426173567994E-01 
        4.1195611385552749E-02         3.9267685770492194E-01         9.1876266952453478E-01 
        6.3318523475351801E-02         3.9280698318388385E-01         9.1744780556813554E-01 
        8.5730969638072238E-02         3.9211931810653244E-01         9.1592012241278942E-01 
        1.0841765082230899E-01         3.9061027275708005E-01         9.1415876071993618E-01 
        1.3136198921963504E-01         3.8827651738659025E-01         9.1214163319041763E-01 
        1.5454604528217575E-01         3.8511505633761006E-01         9.0984551564880212E-01 
        1.7795044035088561E-01         3.8112330883731610E-01         9.0724614530546410E-01 
        2.0155428573615669E-01         3.7629919589910993E-01         9.0431832618178620E-01 
        2.2533511909211726E-01         3.7064123271186972E-01         9.0103604164400730E-01 
        2.4926884891287554E-01         3.6414862585069085E-01         8.9737257394134839E-01 
        2.7332970797534722E-01         3.5682137456598650E-01         8.9330063059893150E-01 
        2.9749021652153806E-01         3.4866037537605915E-01         8.8879247745218348E-01 
        3.2172115595421258E-01         3.3966752911679915E-01         8.8382007805362739E-01 
        3.4599155377793650E-01         3.2984584956471313E-01         8.7835523911355595E-01 
        3.7026868047437700E-01         3.1919957270077798E-01         8.7236976156759438E-01 
        3.9451805894642633E-01         3.0773426564368361E-01         8.6583559679123445E-01 
        4.1870348710546934E-01         2.9545693424029507E-01         8.5872500740765123E-01 
        4.4278707410134027E-01         2.8237612827890146E-01         8.5101073205751965E-01 
        4.6672929061515023E-01         2.6850204326540361E-01         8.4266615342392592E-01 
        4.9048903354624779E-01         2.5384661768600797E-01         8.3366546872989322E-01 
        5.1402370532414110E-01         2.3842362467885628E-01         8.2398386185156636E-01 
        5.3728930797385011E-01         2.2224875702913199E-01         8.1359767612019940E-01 
        5.6024055194349542E-01         2.0533970442894409E-01         8.0248458681793311E-01 
        5.8283097958746410E-01         1.8771622195181834E-01         7.9062377231227998E-01 
        6.0501310306910250E-01         1.6940018873108745E-01         7.7799608271862686E-01 
        6.2673855631563302E-01         1.5041565587493017E-01         7.6458420493314616E-01 
        6.4795826052359973E-01         1.3078888270327207E-01         7.5037282284030793E-01 
        6.6862260257531336E-01         1.1054836045877878E-01         7.3534877147085709E-01 
        6.8868162558851076E-01         8.9724822721536854E-02         7.1950118386881412E-01 
        7.0808523068436824E-01         6.8351241843039659E-02         7.0282162942050164E-01 
        7.2678338892331629E-01         4.6462810816063127E-02         6.8530424240589638E-01 
        7.4472636222771771E-01         2.4096910102849690E-02         6.6694583955295372E-01 
        7.6186493198524774E-01         1.2930590620689687E-03         6.4774602540969051E-01 
        7.7815063390924577E-01        -2.1907148258422278E-02         6.2770728439725909E-01 
        7.9353599762465910E-01        -4.5460123064283695E-02         6.0683505846952956E-01 
        8.0797478935128841E-01        -6.9320377454409027E-02         5.8513780938144466E-01 
        8.2142225597228957E-01        -9.3440635576676895E-02         5.6262706465857615E-01 
        8.3383536870620800E-01        -1.1777195997087639E-01         5.3931744646436075E-01 
        8.4517306454731367E-01        -1.4226389262175232E-01         5.1522668267788829E-01 
        8.5539648360247000E-01        -1.6686461009913856E-01         4.9037559962276334E-01 
        8.6446920043429243E-01        -1.9152109201283768E-01         4.6478809602695853E-01 
        8.7235744752115330E-01        -2.1617930186987686E-01         4.3849109794107560E-01 
        8.7903032896494482E-01        -2.4078437928401569E-01         4.1151449449832594E-01 
        8.8446002261799683E-01        -2.6528084235761423E-01         3.8389105456159561E-01 
        8.8862196886120204E-01        -2.8961279893627273E-01         3.5565632446890144E-01 
        8.9149504434584903E-01        -3.1372416532768255E-01         3.2684850725694686E-01 
        8.9306171911303212E-01        -3.3755889097345787E-01         2.9750832391355725E-01 
        8.9330819562060282E-01        -3.6106118749474442E-01         2.6767885737133146E-01 
        8.9222452834905219E-01        -3.8417576044059770E-01         2.3740538012738407E-01 
        8.8980472280662493E-01        -4.0684804203973413E-01         2.0673516652292473E-01 
        8.8604681292468090E-01        -4.2902442320836914E-01         1.7571729087119045E-01 
        8.8095291601531323E-01        -4.5065248305382605E-01         1.4440241276088397E-01 
        8.7452926465427583E-01        -4.7168121411890918E-01         1.1284255098876785E-01 
        8.6678621505719722E-01        -4.9206124162401638E-01         8.1090847693579715E-02 
        8.5773823172037611E-01        -5.1174503501491675E-01         4.9201324357505731E-02 
        8.4740384831159599E-01        -5.3068711017482439E-01         1.7228631427350372E-02 
        8.3580560501234924E-01        -5.4884422073137451E-01        -1.4772206625089837E-02 
        8.2296996272037048E-01        -5.6617553699048850E-01        -4.6746048941873578E-02 
        8.0892719473367969E-01        -5.8264281112994887E-01        -7.8637896724054496E-02 
        7.9371125673819098E-01        -5.9821052741109826E-01        -1.1039315058365554E-01 
        7.7735963611547509E-01        -6.1284603630145429E-01        -1.4195786491383044E-01 
        7.5991318176934830E-01        -6.2651967154892807E-01        -1.7327899742012717E-01 
        7.4141591583886446E-01        -6.3920484940526190E-01        -2.0430465200605874E-01 
        7.2191482881765145E-01        -6.5087814936179345E-01        -2.3498431327552566E-01 
        7.0145965974881530E-01        -6.6151937591910925E-01        -2.6526907099342489E-01 
        6.8010266325535895E-01        -6.7111160111211321E-01        -2.9511183296424492E-01 
        6.5789836529832013E-01        -6.7964118765369552E-01        -3.2446752488514163E-01 
        6.3490330961134367E-01        -6.8709779275602956E-01        -3.5329327587338588E-01 
        6.1117579681410039E-01        -6.9347435285879744E-01        -3.8154858850941165E-01 
        5.8677561826589608E-01        -6.9876704964232428E-01        -4.0919549237646358E-01 
        5.6176378669444171E-01        -7.0297525789090831E-01        -4.3619868025438002E-01 
        5.3620226567530793E-01        -7.0610147588887662E-01        -4.6252562626732652E-01 
        5.1015369995279358E-01        -7.0815123920813472E-01        -4.8814668547590345E-01 
        4.8368114859352007E-01        -7.0913301884336055E-01        -5.1303517455206271E-01 
        4.5684782285347603E-01        -7.0905810479152931E-01        -5.3716743335917005E-01 
        4.2971683058301269E-01        -7.0794047625756473E-01        -5.6052286741341273E-01 
        4.0235092887416268E-01        -7.0579665976506423E-01        -5.8308397136963341E-01 
        3.7481228653325627E-01        -7.0264557652358595E-01        -6.0483633382882229E-01 
        3.4716225784365162E-01        -6.9850838045518737E-01        -6.2576862390702126E-01 
        3.1946116893686988E-01        -6.9340828832670287E-01        -6.4587256014385053E-01 
        2.9176811793024626E-01        -6.8737040346239697E-01        -6.6514286245646803E-01 
        2.6414078984610251E-01        -6.8042153451646781E-01        -6.8357718795554057E-01 
        2.3663528715159418E-01        -6.7259001078435476E-01        -7.0117605154376705E-01 
        2.0930597660301087E-01        -6.6390549550944911E-01        -7.1794273230339545E-01 
        1.8220535290699350E-01        -6.5439879861085959E-01        -7.3388316675418186E-01 
        1.5538391955031830E-01        -6.4410169021191033E-01        -7.4900583012262667E-01 
        1.2889008698056431E-01        -6.3304671629417375E-01        -7.6332160680974670E-01 
        1.0277008817343243E-01        -6.2126701773307669E-01        -7.7684365127542843E-01 
        7.7067911461974517E-02        -6.0879615389761010E-01        -7.8958724057643392E-01 
        5.1825250365616346E-02        -5.9566793191245238E-01        -8.0156961979966745E-01 
        2.7081470018787145E-02        -5.8191624259207775E-01        -8.1280984162514702E-01 
        2.8735896753357931E-03        -5.6757490396199162E-01        -8.2332860123397422E-01 
       -2.0763719350062451E-02        -5.5267751318444769E-01        -8.3314806774688721E-01 
       -4.3798121045417707E-02        -5.3725730760591306E-01        -8.4229171333948349E-01 
       -6.6199588204278834E-02        -5.2134703554236261E-01        -8.5078414113208956E-01 
       -8.7940362980872946E-02        -5.0497883731731052E-01        -8.5865091289674178E-01 
       -1.0899490548021130E-01        -4.8818413696764285E-01        -8.6591837756174261E-01 
       -1.2933983141897820E-01        -4.7099354493442724E-01        -8.7261350142757033E-01 
       -1.4895383994130409E-01        -4.5343677196127558E-01        -8.7876370093654366E-01 
       -1.6781763270101077E-01        -4.3554255433173761E-01        -8.8439667876573913E-01 
       -1.8591382534900605E-01        -4.1733859049091615E-01        -8.8954026393667318E-01 
       -2.0322685257210585E-01        -3.9885148901491907E-01        -8.9422225656007948E-01 
       -2.1974286783224542E-01        -3.8010672781586197E-01        -8.9847027775875199E-01 
       -2.3544963894818441E-01        -3.6112862439984400E-01        -9.0231162523750097E-01 
       -2.5033644064489630E-01        -3.4194031693109478E-01        -9.0577313489800704E-01 
       -2.6439394517223586E-01        -3.2256375579724350E-01        -9.0888104882808185E-01 
       -2.7761411206507458E-01        -3.0301970531856193E-01        -9.1166088993005290E-01 
       -2.8999007807982224E-01        -2.8332775519781861E-01        -9.1413734339302988E-01 
       -3.0151604829988526E-01        -2.6350634126712158E-01        -9.1633414515875822E-01 
       -3.1218718935817613E-01        -2.4357277505324842E-01        -9.1827397748023287E-01 
       -3.2199952567364959E-01        -2.2354328165351894E-01        -9.1997837162806040E-01 
       -3.3094983954491924E-01        -2.0343304538967760E-01        -9.2146761776109187E-01 
       -3.3903557588932109E-01        -1.8325626268721662E-01        -9.2276068194465311E-01 
       -3.4625475235931835E-01        -1.6302620161150502E-01        -9.2387513027217771E-01 
       -3.5260587550417494E-01        -1.4275526748010300E-01        -9.2482706002645942E-01 
       -3.5808786359167111E-01        -1.2245507396123044E-01        -9.2563103779856049E-01 
       -3.6269997663714482E-01        -1.0213651906245540E-01        -9.2630004447441983E-01 
       -3.6644175412798857E-01        -8.1809865409635335E-02        -9.2684542699325811E-01 
       -3.6931296087559062E-01        -6.1484824213958539E-02        -9.2727685677919724E-01 
       -3.7131354134925804E-01        -4.1170642325282718E-02        -9.2760229475747580E-01 
       -3.7244358281272782E-01        -2.0876191769419798E-02        -9.2782796286345637E-01 
       -3.7270328748856052E-01        -6.1006117038067426E-04        -9.2795832197683703E-01 
       -3.7209295394450609E-01         1.9619351540580504E-02        -9.2799605621537318E-01 
