        0.0000000000000000E+00        -1.2759999999999999E-01         0.0000000000000000E+00 
        2.3200900780304271E-03        -1.2760000326257309E-01        -9.3127556733914264E-04 
        4.6408998239326526E-03        -1.2760005219259493E-01        -1.8607558790093952E-03 
        6.9631434536421653E-03        -1.2760026414132949E-01        -2.7866472129540530E-03 
        9.2875242896740245E-03        -1.2760083444165599E-01        -3.7071589300639142E-03 
        1.1614729340656313E-02        -1.2760203602778009E-01        -4.6205050548062641E-03 
        1.3945423912669808E-02        -1.2760421889996040E-01        -5.5249059024171151E-03 
        1.6280246263511405E-02        -1.2760780943144090E-01        -6.4185897674784087E-03 
        1.8619802311431077E-02        -1.2761330951406186E-01        -7.2997946881009322E-03 
        2.0964660410416992E-02        -1.2762129553837090E-01        -8.1667702991885961E-03 
        2.3315346204713247E-02        -1.2763241720347240E-01        -9.0177797873710747E-03 
        2.5672337575938165E-02        -1.2764739615137349E-01        -9.8511019591591593E-03 
        2.8036059696916929E-02        -1.2766702442018801E-01        -1.0665033432707612E-02 
        3.0406880207133620E-02        -1.2769216271029440E-01        -1.1457890962267309E-02 
        3.2785104525532953E-02        -1.2772373845738408E-01        -1.2228013902975036E-02 
        3.5170971317241041E-02        -1.2776274370632407E-01        -1.2973766822073653E-02 
        3.7564648131611790E-02        -1.2781023277987361E-01        -1.3693542260983302E-02 
        3.9966227229820524E-02        -1.2786731973656837E-01        -1.4385763650864518E-02 
        4.2375721621000506E-02        -1.2793517561250664E-01        -1.5048888382435153E-02 
        4.4793061326631925E-02        -1.2801502544235466E-01        -1.5681411028835419E-02 
        4.7218089893521629E-02        -1.2810814505562818E-01        -1.6281866718292844E-02 
        4.9650561176241628E-02        -1.2821585764521515E-01        -1.6848834651229914E-02 
        5.2090136410297951E-02        -1.2833953010616486E-01        -1.7380941754302132E-02 
        5.4536381597561460E-02        -1.2848056914399741E-01        -1.7876866461664788E-02 
        5.6988765225589134E-02        -1.2864041715315680E-01        -1.8335342611563523E-02 
        5.9446656342380604E-02        -1.2882054786776256E-01        -1.8755163444137753E-02 
        6.1909323007827276E-02        -1.2902246178847085E-01        -1.9135185684147352E-02 
        6.4375931142613418E-02        -1.2924768139104492E-01        -1.9474333690198600E-02 
        6.6845543794595744E-02        -1.2949774612413564E-01        -1.9771603649971270E-02 
        6.9317120841719898E-02        -1.2977420720577273E-01        -2.0026067798963706E-02 
        7.1789519149307299E-02        -1.3007862223014588E-01        -2.0236878638400374E-02 
        7.4261493198068199E-02        -1.3041254959839532E-01        -2.0403273126206590E-02 
        7.6731696197454957E-02        -1.3077754278931178E-01        -2.0524576813372237E-02 
        7.9198681696969517E-02        -1.3117514448803852E-01        -2.0600207896626494E-02 
        8.1660905705777401E-02        -1.3160688059306319E-01        -2.0629681157146702E-02 
        8.4116729328470322E-02        -1.3207425412393273E-01        -2.0612611754054478E-02 
        8.6564421922065815E-02        -1.3257873905422163E-01        -2.0548718840727318E-02 
        8.9002164776353684E-02        -1.3312177409628961E-01        -2.0437828971493710E-02 
        9.1428055316510132E-02        -1.3370475646624649E-01        -2.0279879266105062E-02 
        9.3840111823525404E-02        -1.3432903565928903E-01        -2.0074920299499133E-02 
        9.6236278664451766E-02        -1.3499590726714192E-01        -1.9823118684803243E-02 
        9.8614432020812701E-02        -1.3570660687070635E-01        -1.9524759318276259E-02 
        1.0097238609973944E-01        -1.3646230404216203E-01        -1.9180247255971058E-02 
        1.0330789980857162E-01        -1.3726409649166293E-01        -1.8790109193304663E-02 
        1.0561868386979115E-01        -1.3811300439439103E-01        -1.8354994520461368E-02 
        1.0790240834931589E-01        -1.3900996493405746E-01        -1.7875675928613367E-02 
        1.1015671056738217E-01        -1.3995582709896420E-01        -1.7353049544318478E-02 
        1.1237920335755230E-01        -1.4095134676643276E-01        -1.6788134572128584E-02 
        1.1456748363583381E-01        -1.4199718211076312E-01        -1.6182072428407333E-02 
        1.1671914123852874E-01        -1.4309388936891404E-01        -1.5536125352572068E-02 
        1.1883176798429668E-01        -1.4424191899676470E-01        -1.4851674485438039E-02 
        1.2090296691305856E-01        -1.4544161224714799E-01        -1.4130217408015492E-02 
        1.2293036165181342E-01        -1.4669319819884169E-01        -1.3373365137951447E-02 
        1.2491160585525152E-01        -1.4799679126336704E-01        -1.2582838584796844E-02 
        1.2684439266722494E-01        -1.4935238919380356E-01        -1.1760464469360693E-02 
        1.2872646414775366E-01        -1.5075987161688237E-01        -1.0908170716566227E-02 
        1.3055562060929624E-01        -1.5221899910640344E-01        -1.0027981335390030E-02 
        1.3232972980553759E-01        -1.5372941281256608E-01        -9.1220108036030190E-03 
        1.3404673591594413E-01        -1.5529063465813320E-01        -8.1924579790985785E-03 
        1.3570466826983260E-01        -1.5690206810850477E-01        -7.2415995635412922E-03 
        1.3730164975471729E-01        -1.5856299951876571E-01        -6.2717831478681174E-03 
        1.3883590485518699E-01        -1.6027260005668939E-01        -5.2854198727516882E-03 
        1.4030576727056579E-01        -1.6202992819652159E-01        -4.2849767404760019E-03 
        1.4170968706209019E-01        -1.6383393277418440E-01        -3.2729686177291714E-03 
        1.4304623728326635E-01        -1.6568345659040401E-01        -2.2519499715457406E-03 
        1.4431412005045896E-01        -1.6757724054417419E-01        -1.2245063830087547E-03 
        1.4551217201453220E-01        -1.6951392827501158E-01        -1.9324588531238220E-04 
        1.4663936919851886E-01        -1.7149207128864880E-01         8.3920982563091644E-04 
        1.4769483117077317E-01        -1.7351013453719946E-01         1.8702342586986067E-03 
        1.4867782452782036E-01        -1.7556650242145902E-01         2.8972050231280072E-03 
        1.4958776566611304E-01        -1.7765948517990521E-01         3.9175127018317036E-03 
        1.5042422282707904E-01        -1.7978732562617031E-01         4.9285696523325593E-03 
        1.5118691740515094E-01        -1.8194820619429589E-01         5.9278186858369407E-03 
        1.5187572451384235E-01        -1.8414025624898675E-01         6.9127415760505328E-03 
        1.5249067281031853E-01        -1.8636155961636289E-01         7.8808673508593118E-03 
        1.5303194358426833E-01        -1.8861016228938512E-01         8.8297803219285088E-03 
        1.5349986912212873E-01        -1.9088408026121501E-01         9.7571278095910045E-03 
        1.5389493036280841E-01        -1.9318130743927245E-01         1.0660627523075762E-02 
        1.5421775386596187E-01        -1.9549982359265566E-01         1.1538074559133502E-02 
        1.5446910811850759E-01        -1.9783760228591324E-01         1.2387347985420336E-02 
        1.5464989920943206E-01        -2.0019261875286801E-01         1.3206416978551197E-02 
        1.5476116590694158E-01        -2.0256285766529397E-01         1.3993346490503447E-02 
        1.5480407417566011E-01        -2.0494632075270949E-01         1.4746302420986231E-02 
        1.5477991117481757E-01        -2.0734103423135816E-01         1.5463556277451242E-02 
        1.5469007878118748E-01        -2.0974505600256529E-01         1.6143489308560719E-02 
        1.5453608668289917E-01        -2.1215648258306860E-01         1.6784596101102042E-02 
        1.5431954509216619E-01        -2.1457345573257783E-01         1.7385487634502407E-02 
        1.5404215712641378E-01        -2.1699416874669555E-01         1.7944893791207211E-02 
        1.5370571090826721E-01        -2.1941687238639385E-01         1.8461665325200362E-02 
        1.5331207143538095E-01        -2.2183988041844052E-01         1.8934775294827504E-02 
        1.5286317227114593E-01        -2.2426157474448094E-01         1.9363319969792760E-02 
        1.5236100710694200E-01        -2.2668041009986117E-01         1.9746519225706388E-02 
        1.5180762124580174E-01        -2.2909491830668346E-01         2.0083716442834767E-02 
        1.5120510305616713E-01        -2.3150371206899042E-01         2.0374377928717317E-02 
        1.5055557544286094E-01        -2.3390548830133920E-01         2.0618091887047680E-02 
        1.4986118738050588E-01        -2.3629903098531083E-01         2.0814566957649040E-02 
        1.4912410555242392E-01        -2.3868321355168898E-01         2.0963630354491412E-02 
        1.4834650613559414E-01        -2.4105700078909192E-01         2.1065225630496027E-02 
        1.4753056676955378E-01        -2.4341945028273715E-01         2.1119410099338706E-02 
        1.4667845874424915E-01        -2.4576971338973158E-01         2.1126351945601300E-02 
        1.4579233943881215E-01        -2.4810703575979459E-01         2.1086327055428202E-02 
        1.4487434504009672E-01        -2.5043075741262638E-01         2.0999715600332203E-02 
        1.4392658356659097E-01        -2.5274031238520261E-01         2.0866998406965768E-02 
        1.4295112822007078E-01        -2.5503522796412453E-01         2.0688753145546041E-02 
        1.4195001108410449E-01        -2.5731512351974745E-01         2.0465650369205973E-02 
        1.4092521718529921E-01        -2.5957970896016963E-01         2.0198449435857024E-02 
        1.3987867893002276E-01        -2.6182878282428518E-01         1.9887994343215615E-02 
        1.3881227092627535E-01        -2.6406223003397961E-01         1.9535209506478069E-02 
        1.3772780519743788E-01        -2.6628001932619882E-01         1.9141095506751814E-02 
        1.3662702679183272E-01        -2.6848220038605691E-01         1.8706724836792539E-02 
        1.3551160978939125E-01        -2.7066890070236088E-01         1.8233237668875711E-02 
        1.3438315370427606E-01        -2.7284032216696646E-01         1.7721837667766482E-02 
        1.3324318028004181E-01        -2.7499673743921810E-01         1.7173787869780761E-02 
        1.3209313067187062E-01        -2.7713848609641500E-01         1.6590406646856043E-02 
        1.3093436300857861E-01        -2.7926597059078040E-01         1.5973063772420318E-02 
        1.2976815032547392E-01        -2.8137965203282439E-01         1.5323176603665190E-02 
        1.2859567885774528E-01        -2.8348004582029851E-01         1.4642206392610687E-02 
        1.2741804668288553E-01        -2.8556771713115281E-01         1.3931654736141967E-02 
        1.2623626269969443E-01        -2.8764327629806447E-01         1.3193060172997156E-02 
        1.2505124593065528E-01        -2.8970737408120129E-01         1.2427994933508291E-02 
        1.2386382513393782E-01        -2.9176069685496347E-01         1.1638061845773057E-02 
        1.2267473871092599E-01        -2.9380396172350698E-01         1.0824891399872456E-02 
        1.2148463489500734E-01        -2.9583791157891975E-01         9.9901389697585434E-03 
        1.2029407220736144E-01        -2.9786331011502559E-01         9.1354821905317921E-03 
        1.1910352016564604E-01        -2.9988093680891231E-01         8.2626184870223801E-03 
        1.1791336023178385E-01        -3.0189158188147630E-01         7.3732627478895526E-03 
        1.1672388698547802E-01        -3.0389604124753272E-01         6.4691451378661178E-03 
        1.1553530951062672E-01        -3.0589511146536080E-01         5.5520090393131336E-03 
        1.1434775298243545E-01        -3.0788958469499655E-01         4.6236091129133166E-03 
        1.1316126044373460E-01        -3.0988024367408262E-01         3.6857094661273894E-03 
        1.1197579475977724E-01        -3.1186785671972250E-01         2.7400819169711523E-03 
        1.1079124074159956E-01        -3.1385317276451002E-01         1.7885043397452326E-03 
        1.0960740742886206E-01        -3.1583691643475503E-01         8.3275907856959568E-04 
        1.0842403052393482E-01        -3.1781978317887688E-01        -1.2536858607009637E-04 
        1.0724077496982616E-01        -3.1980243445401202E-01        -1.0840919330407121E-03 
        1.0605723766537231E-01        -3.2178549297906761E-01        -2.0416242741654730E-03 
        1.0487295031188816E-01        -3.2376953806274084E-01        -2.9961804215353706E-03 
        1.0368738238620609E-01        -3.2575510101541860E-01        -3.9459781643764900E-03 
        1.0249994423570484E-01        -3.2774266065437058E-01        -4.8892397712332414E-03 
        1.0130999029152669E-01        -3.2973263891221560E-01        -5.8241935329733738E-03 
        1.0011682239669065E-01        -3.3172539655931105E-01        -6.7490753617050264E-03 
        9.8919693246229054E-02        -3.3372122905143137E-01        -7.6621304601552148E-03 
        9.7717809936794991E-02        -3.3572036251488108E-01        -8.5616150753655453E-03 
        9.6510337623393214E-02        -3.3772294988200235E-01        -9.4457983497188147E-03 
        9.5296403280981573E-02        -3.3972906719088253E-01        -1.0312964281327634E-02 
        9.4075099568665665E-02        -3.4173871006390505E-01        -1.1161413804702877E-02 
        9.2845488794062292E-02        -3.4375179038063586E-01        -1.1989467001364393E-02 
        9.1606606975136506E-02        -3.4576813316133442E-01        -1.2795465448675067E-02 
        9.0357467996425925E-02        -3.4778747367814544E-01        -1.3577774713674495E-02 
        8.9097067856048373E-02        -3.4980945481171927E-01        -1.4334786997063869E-02 
        8.7824388999257694E-02        -3.5183362467161100E-01        -1.5064923930759066E-02 
        8.6538404733564764E-02        -3.5385943449931395E-01        -1.5766639530595296E-02 
        8.5238083719586744E-02        -3.5588623687314513E-01        -1.6438423303840655E-02 
        8.3922394530833985E-02        -3.5791328423443264E-01        -1.7078803509167562E-02 
        8.2590310274599926E-02        -3.5993972775451522E-01        -1.7686350564656221E-02 
        8.1240813264995521E-02        -3.6196461656193496E-01        -1.8259680597274494E-02 
        7.9872899737982908E-02        -3.6398689734889023E-01        -1.8797459125112208E-02 
        7.8485584597017877E-02        -3.6600541437547279E-01        -1.9298404861454507E-02 
        7.7077906176634348E-02        -3.6801890988945357E-01        -1.9761293627584282E-02 
        7.5648931010002571E-02        -3.7002602497837506E-01        -2.0184962359023537E-02 
        7.4197758585189427E-02        -3.7202530086945984E-01        -2.0568313187774211E-02 
        7.2723526073562930E-02        -3.7401518069133682E-01        -2.0910317581030857E-02 
        7.1225413012528702E-02        -3.7599401170982694E-01        -2.1210020514822334E-02 
        6.9702645923587922E-02        -3.7796004804800765E-01        -2.1466544659126119E-02 
        6.8154502845583984E-02        -3.7991145389850145E-01        -2.1679094549212991E-02 
        6.6580317761977800E-02        -3.8184630723341079E-01        -2.1846960716335115E-02 
        6.4979484900076767E-02        -3.8376260401456058E-01        -2.1969523749398413E-02 
        6.3351462879370726E-02        -3.8565826290372335E-01        -2.2046258257983859E-02 
        6.1695778685504757E-02        -3.8753113046931564E-01        -2.2076736706017654E-02 
        6.0012031445971240E-02        -3.8937898688266914E-01        -2.2060633084564400E-02 
        5.8299895983349351E-02        -3.9119955209345564E-01        -2.1997726391646062E-02 
        5.6559126121866109E-02        -3.9299049247016760E-01        -2.1887903886694735E-02 
        5.4789557723226003E-02        -3.9474942788779593E-01        -2.1731164087240504E-02 
        5.2991111428054571E-02        -3.9647393924101526E-01        -2.1527619475734231E-02 
        5.1163795079944716E-02        -3.9816157635732929E-01        -2.1277498885016261E-02 
        4.9307705809982366E-02        -3.9980986628078818E-01        -2.0981149531876579E-02 
        4.7423031760768793E-02        -4.0141632189310278E-01        -2.0639038669411667E-02 
        4.5510053430349612E-02        -4.0297845083529810E-01        -2.0251754830471893E-02 
        4.3569144618099527E-02        -4.0449376468950343E-01        -1.9820008636400245E-02 
        4.1600772956496959E-02        -4.0595978837712859E-01        -1.9344633147490475E-02 
        3.9605500014844301E-02        -4.0737406972656021E-01        -1.8826583734127957E-02 
        3.7583980963327032E-02        -4.0873418916067433E-01        -1.8266937450394427E-02 
        3.5536963788351104E-02        -4.1003776945194081E-01        -1.7666891895007333E-02 
        3.3465288052832658E-02        -4.1128248549074148E-01        -1.7027763547806159E-02 
        3.1369883198012712E-02        -4.1246607401076779E-01        -1.6350985573556395E-02 
        2.9251766386403540E-02        -4.1358634321403320E-01        -1.5638105088584962E-02 
        2.7112039888622309E-02        -4.1464118223716556E-01        -1.4890779889661442E-02 
        2.4951888020098109E-02        -4.1562857040026685E-01        -1.4110774648559471E-02 
        2.2772573636916593E-02        -4.1654658617974888E-01        -1.3299956579825875E-02 
        2.0575434203359919E-02        -4.1739341584719197E-01        -1.2460290593415618E-02 
        1.8361877446974963E-02        -4.1816736171744107E-01        -1.1593833947973229E-02 
        1.6133376620221129E-02        -4.1886684995084111E-01        -1.0702730424611232E-02 
        1.3891465390878925E-02        -4.1949043785673507E-01        -9.7892040450096428E-03 
        1.1637732386402450E-02        -4.2003682064806158E-01        -8.8555523614926319E-03 
        9.3738154202401593E-03        -4.2050483760011603E-01        -7.9041393503838080E-03 
        7.1013954307960238E-03        -4.2089347757020401E-01        -6.9373879433614625E-03 
        4.8221901661247455E-03        -4.2120188383904883E-01        -5.9577722346855766E-03 
        2.5379476496221361E-03        -4.2142935823931033E-01        -4.9678094050161960E-03 
        2.5043946385766829E-04        -4.2157536454145966E-01        -3.9700514050494537E-03 
       -2.0385461087216493E-03        -4.2163953107241975E-01        -2.9670764443367375E-03 
       -4.3272110482288429E-03        -4.2162165254781836E-01        -1.9614803323955115E-03 
       -6.6137546220097921E-03        -4.2152169110434207E-01        -9.5586772054747932E-04 
       -8.8963804300780606E-03        -4.2133977652444909E-01         4.7156706186413688E-05 
       -1.1173303429627643E-02        -4.2107620565156556E-01         1.0449970373533515E-03 
       -1.3442756897094770E-02        -4.2073144099977305E-01         2.0350748957177834E-03 
       -1.5702999286746969E-02        -4.2030610856783696E-01         3.0148380969580776E-03 
       -1.7952320945648456E-02        -4.1980099487316747E-01         3.9817691619701686E-03 
       -2.0189050646053894E-02        -4.1921704322688763E-01         4.9333936346606889E-03 
       -2.2411561897825567E-02        -4.1855534927653965E-01         5.8672881598548637E-03 
       -2.4618279005310058E-02        -4.1781715584806078E-01         6.7810882780788605E-03 
       -2.6807682835252904E-02        -4.1700384712341698E-01         7.6724958964852824E-03 
       -2.8978316264719532E-02        -4.1611694219468370E-01         8.5392863980311932E-03 
       -3.1128789280628434E-02        -4.1515808803934978E-01         9.3793153541710545E-03 
       -3.3257783705332576E-02        -4.1412905196516203E-01         1.0190524809744217E-02 
       -3.5364057525691585E-02        -4.1303171357588803E-01         1.0970949112380189E-02 
       -3.7446448806211868E-02        -4.1186805631194523E-01         1.1718720262574998E-02 
       -3.9503879170078415E-02        -4.1064015862189374E-01         1.2432072764568957E-02 
       -4.1535356835194354E-02        -4.0935018482231439E-01         1.3109347962217235E-02 
       -4.3539979195685197E-02        -4.0800037570458947E-01         1.3748997848175902E-02 
       -4.5516934942639024E-02        -4.0659303894758253E-01         1.4349588338849983E-02 
       -4.7465505721141492E-02        -4.0513053939515242E-01         1.4909802011648500E-02 
       -4.9385067323861886E-02        -4.0361528925690365E-01         1.5428440305105052E-02 
       -5.1275090424554519E-02        -4.0204973828953933E-01         1.5904425186328147E-02 
       -5.3135140857795957E-02        -4.0043636401470589E-01         1.6336800293988631E-02 
       -5.4964879454088095E-02        -3.9877766202731535E-01         1.6724731568611987E-02 
       -5.6764061442068948E-02        -3.9707613644603112E-01         1.7067507385280265E-02 
       -5.8532535431991849E-02        -3.9533429055496533E-01         1.7364538206943319E-02 
       -6.0270241996820108E-02        -3.9355461768268174E-01         1.7615355779359385E-02 
       -6.1977211869241620E-02        -3.9173959236137440E-01         1.7819611891218726E-02 
       -6.3653563774617450E-02        -3.8989166180565199E-01         1.7977076725232528E-02 
       -6.5299501921330924E-02        -3.8801323774673840E-01         1.8087636827878770E-02 
       -6.6915313171209051E-02        -3.8610668865414605E-01         1.8151292727087983E-02 
       -6.8501363913624908E-02        -3.8417433237304338E-01         1.8168156228411014E-02 
       -7.0058096667584238E-02        -3.8221842920164817E-01         1.8138447421147168E-02 
       -7.1586026436537845E-02        -3.8024117542910485E-01         1.8062491426525430E-02 
       -7.3085736840865750E-02        -3.7824469735044802E-01         1.7940714920329798E-02 
       -7.4557876052952068E-02        -3.7623104577149119E-01         1.7773642462355996E-02 
       -7.6003152559532564E-02        -3.7420219101281610E-01         1.7561892664792113E-02 
       -7.7422330775553577E-02        -3.7216001841852403E-01         1.7306174231047147E-02 
       -7.8816226533164932E-02        -3.7010632437205820E-01         1.7007281895725028E-02 
       -8.0185702468679426E-02        -3.6804281281825008E-01         1.6666092295381765E-02 
       -8.1531663329408047E-02        -3.6597109228780800E-01         1.6283559798424774E-02 
       -8.2855051221221124E-02        -3.6389267341774545E-01         1.5860712321043718E-02 
       -8.4156840816533976E-02        -3.6180896695878956E-01         1.5398647154419381E-02 
       -8.5438034541170688E-02        -3.5972128225858740E-01         1.4898526826669579E-02 
       -8.6699657757265972E-02        -3.5763082620757569E-01         1.4361575021080758E-02 
       -8.7942753958015873E-02        -3.5553870263268328E-01         1.3789072570160816E-02 
       -8.9168379988728591E-02        -3.5344591212259341E-01         1.3182353542955426E-02 
       -9.0377601307258609E-02        -3.5135335226712039E-01         1.2542801440927868E-02 
       -9.1571487295558224E-02        -3.4926181829230307E-01         1.1871845515518080E-02 
       -9.2751106632762204E-02        -3.4717200407213994E-01         1.1170957218303978E-02 
       -9.3917522738955705E-02        -3.4508450349739628E-01         1.0441646792494864E-02 
       -9.5071789297568890E-02        -3.4299981218167563E-01         9.6854600123211371E-03 
       -9.6214945863214441E-02        -3.4091832948485956E-01         8.9039750747530299E-03 
       -9.7348013560746918E-02        -3.3884036083415270E-01         8.0987996459073053E-03 
       -9.8471990880378266E-02        -3.3676612032322872E-01         7.2715680624937593E-03 
       -9.9587849572853798E-02        -3.3469573357039700E-01         6.4239386867250897E-03 
       -1.0069653064796784E-01        -3.3262924081724077E-01         5.5575914112793168E-03 
       -1.0179894047910343E-01        -3.3056660024981310E-01         4.6742253091703653E-03 
       -1.0289594701599682E-01        -3.2850769152520076E-01         3.7755564217611687E-03 
       -1.0398837610757580E-01        -3.2645231948703646E-01         2.8633156766395087E-03 
       -1.0507700793649408E-01        -3.2440021805437014E-01         1.9392469257041181E-03 
       -1.0616257356687935E-01        -3.2235105426914351E-01         1.0051050925489865E-03 
       -1.0724575160683014E-01        -3.2030443248836726E-01         6.2654417117202906E-05 
       -1.0832716498733753E-01        -3.1825989870792654E-01        -8.8633321538269768E-04 
       -1.0940737785955362E-01        -3.1621694500575187E-01        -1.8400798751459998E-03 
       -1.1048689261268800E-01        -3.1417501409284515E-01        -2.7968031325725164E-03 
       -1.1156614701526869E-01        -3.1213350396135764E-01        -3.7547175622892463E-03 
       -1.1264551148304942E-01        -3.1009177261954096E-01        -4.7120362218950459E-03 
       -1.1372528647747035E-01        -3.0804914290394364E-01        -5.6669721211729217E-03 
       -1.1480570003927625E-01        -3.0600490735968122E-01        -6.6177396976321787E-03 
       -1.1588690546264294E-01        -3.0395833317996312E-01        -7.5625563141878925E-03 
       -1.1696897911596398E-01        -3.0190866719630921E-01        -8.4996437945940619E-03 
       -1.1805191841626822E-01        -2.9985514091103832E-01        -9.4272300119124727E-03 
       -1.1913563996508555E-01        -2.9779697556362617E-01        -1.0343550544798548E-02 
       -1.2021997785441421E-01        -2.9573338722245546E-01        -1.1246850415751089E-02 
       -1.2130468215227211E-01        -2.9366359189327679E-01        -1.2135385924693909E-02 
       -1.2238941757810669E-01        -2.9158681063539027E-01        -1.3007426590324674E-02 
       -1.2347376237908547E-01        -2.8950227467614248E-01        -1.3861257210602718E-02 
       -1.2455720741897049E-01        -2.8740923051381434E-01        -1.4695180052545919E-02 
       -1.2563915549188012E-01        -2.8530694499837206E-01        -1.5507517180165846E-02 
       -1.2671892087374675E-01        -2.8319471037885102E-01        -1.6296612927909411E-02 
       -1.2779572912466589E-01        -2.8107184930538798E-01        -1.7060836525389179E-02 
       -1.2886871715559423E-01        -2.7893771977308046E-01        -1.7798584877483356E-02 
       -1.2993693357296937E-01        -2.7679171999398650E-01        -1.8508285502078243E-02 
       -1.3099933931478108E-01        -2.7463329318267310E-01        -1.9188399625827156E-02 
       -1.3205480859140920E-01        -2.7246193223980009E-01        -1.9837425436300835E-02 
       -1.3310213014414651E-01        -2.7027718431730957E-01        -2.0453901486847906E-02 
       -1.3414000883373078E-01        -2.6807865524789998E-01        -2.1036410248353142E-02 
       -1.3516706757042224E-01        -2.6586601382060032E-01        -2.1583581799909837E-02 
       -1.3618184959615162E-01        -2.6363899588346601E-01        -2.2094097648222240E-02 
       -1.3718282112805624E-01        -2.6139740825369756E-01        -2.2566694663334226E-02 
       -1.3816837437128401E-01        -2.5914113241486419E-01        -2.3000169116073100E-02 
       -1.3913683090730186E-01        -2.5687012798040781E-01        -2.3393380800417436E-02 
       -1.4008644546208554E-01        -2.5458443590224666E-01        -2.3745257221855956E-02 
       -1.4101541005649981E-01        -2.5228418140307468E-01        -2.4054797830737773E-02 
       -1.4192185853891959E-01        -2.4996957661093416E-01        -2.4321078277640198E-02 
       -1.4280387149769028E-01        -2.4764092287477540E-01        -2.4543254665918599E-02 
       -1.4365948154840824E-01        -2.4529861274009088E-01        -2.4720567774882022E-02 
       -1.4448667898823050E-01        -2.4294313156427427E-01        -2.4852347225474691E-02 
       -1.4528341780651413E-01        -2.4057505875216462E-01        -2.4938015558970867E-02 
       -1.4604762203808047E-01        -2.3819506859326808E-01        -2.4977092198027604E-02 
       -1.4677719244229923E-01        -2.3580393068343566E-01        -2.4969197258498731E-02 
       -1.4747001348804323E-01        -2.3340250991529027E-01        -2.4914055179732157E-02 
       -1.4812396062140046E-01        -2.3099176602346858E-01        -2.4811498140657241E-02 
       -1.4873690778987295E-01        -2.2857275267274754E-01        -2.4661469228840171E-02 
       -1.4930673519368942E-01        -2.2614661607936182E-01        -2.4464025329859602E-02 
       -1.4983133723183850E-01        -2.2371459315828107E-01        -2.4219339704841757E-02 
       -1.5030863060753286E-01        -2.2127800919188248E-01        -2.3927704224803246E-02 
       -1.5073656255507892E-01        -2.1883827501831563E-01        -2.3589531231589991E-02 
       -1.5111311914759176E-01        -2.1639688374088090E-01        -2.3205354996666396E-02 
       -1.5143633364269207E-01        -2.1395540696292262E-01        -2.2775832750808255E-02 
       -1.5170429482129960E-01        -2.1151549055602573E-01        -2.2301745259871872E-02 
       -1.5191515527291116E-01        -2.0907884997268983E-01        -2.1783996924247317E-02 
       -1.5206713957937742E-01        -2.0664726511808915E-01        -2.1223615382335106E-02 
       -1.5215855234817399E-01        -2.0422257479898959E-01        -2.0621750601402845E-02 
       -1.5218778604555033E-01        -2.0180667077133302E-01        -1.9979673442451551E-02 
       -1.5215332857973463E-01        -1.9940149141139754E-01        -1.9298773689231344E-02 
       -1.5205377058460773E-01        -1.9700901503873458E-01        -1.8580557535255750E-02 
       -1.5188781235493995E-01        -1.9463125292226433E-01        -1.7826644526549255E-02 
       -1.5165427038541718E-01        -1.9227024200390624E-01        -1.7038763961876584E-02 
       -1.5135208346727774E-01        -1.8992803737692299E-01        -1.6218750756316118E-02 
       -1.5098031829842404E-01        -1.8760670455870843E-01        -1.5368540778202098E-02 
       -1.5053817456536658E-01        -1.8530831160003358E-01        -1.4490165673637574E-02 
       -1.5002498945827894E-01        -1.8303492107472979E-01        -1.3585747196919044E-02 
       -1.4944024158376928E-01        -1.8078858199542616E-01        -1.2657491069275578E-02 
       -1.4878355424368891E-01        -1.7857132170223017E-01        -1.1707680392259112E-02 
       -1.4805469805236920E-01        -1.7638513777212625E-01        -1.0738668645894964E-02 
       -1.4725359286905323E-01        -1.7423198999735762E-01        -9.7528723052507128E-03 
       -1.4638030902694599E-01        -1.7211379248113001E-01        -8.7527631123838819E-03 
       -1.4543506784519453E-01        -1.7003240589863691E-01        -7.7408600436388248E-03 
       -1.4441824141517362E-01        -1.6798962997063166E-01        -6.7197210149383055E-03 
       -1.4333035165765484E-01        -1.6598719619559116E-01        -5.6919343700380359E-03 
       -1.4217206865269727E-01        -1.6402676088491847E-01        -4.6601101986367228E-03 
       -1.4094420824940398E-01        -1.6210989854363997E-01        -3.6268715327562894E-03 
       -1.3964772896794159E-01        -1.6023809563667252E-01        -2.5948454708889261E-03 
       -1.3828372821139051E-01        -1.5841274477801512E-01        -1.5666542800528655E-03 
       -1.3685343781001863E-01        -1.5663513937715898E-01        -5.4490652608602452E-04 
       -1.3535821892539934E-01        -1.5490646877365757E-01         4.6781171775486742E-04 
       -1.3379955634637486E-01        -1.5322781388718382E-01         1.4689455345395660E-03 
       -1.3217905221315276E-01        -1.5160014340656669E-01         2.4559796515592888E-03 
       -1.3049841920976538E-01        -1.5002431053728624E-01         3.4264467057619104E-03 
       -1.2875947326870682E-01        -1.4850105032274405E-01         4.3779352421122403E-03 
       -1.2696412583470895E-01        -1.4703097755038450E-01         5.3080974026388653E-03 
       -1.2511437573733908E-01        -1.4561458524945448E-01         6.2146562666582552E-03 
       -1.2321230072437150E-01        -1.4425224378287521E-01         7.0954128057284169E-03 
       -1.2126004870965339E-01        -1.4294420053146550E-01         7.9482524202163039E-03 
       -1.1925982879047652E-01        -1.4169058016457570E-01         8.7711510279566245E-03 
       -1.1721390209026236E-01        -1.4049138548716150E-01         9.5621806792662092E-03 
       -1.1512457248266716E-01        -1.3934649884944944E-01         1.0319514676534542E-02 
       -1.1299417725303201E-01        -1.3825568410168471E-01         1.1041432180678863E-02 
       -1.1082507775243650E-01        -1.3721858907302617E-01         1.1726322290891237E-02 
       -1.0861965009851217E-01        -1.3623474855049147E-01         1.2372687588273463E-02 
       -1.0638027597562182E-01        -1.3530358773099677E-01         1.2979147138102345E-02 
       -1.0410933358507332E-01        -1.3442442611697389E-01         1.3544438949562934E-02 
       -1.0180918879371900E-01        -1.3359648182384709E-01         1.4067421895765502E-02 
       -9.9482186526636068E-02        -1.3281887626577432E-01         1.4547077100709871E-02 
       -9.7130642446653773E-02        -1.3209063918453931E-01         1.4982508803534468E-02 
       -9.4756834960282671E-02        -1.3141071398532070E-01         1.5372944713846162E-02 
       -9.2362997586195511E-02        -1.3077796334226230E-01         1.5717735875150317E-02 
       -8.9951311718826518E-02        -1.3019117503631369E-01         1.6016356056360464E-02 
       -8.7523899815954487E-02        -1.2964906798769835E-01         1.6268400694042128E-02 
       -8.5082819035342538E-02        -1.2915029844558354E-01         1.6473585410420998E-02 
       -8.2630055341688186E-02        -1.2869346629805045E-01         1.6631744134247076E-02 
       -8.0167518101306845E-02        -1.2827712146628886E-01         1.6742826853339204E-02 
       -7.7697035178191973E-02        -1.2789977034803113E-01         1.6806897029044039E-02 
       -7.5220348541386817E-02        -1.2755988227657522E-01         1.6824128703923170E-02 
       -7.2739110390012005E-02        -1.2725589596330913E-01         1.6794803334732700E-02 
       -7.0254879798837142E-02        -1.2698622589339417E-01         1.6719306383193071E-02 
       -6.7769119884010104E-02        -1.2674926864618369E-01         1.6598123697167538E-02 
       -6.5283195485462783E-02        -1.2654340911399947E-01         1.6431837714691026E-02 
       -6.2798371359648830E-02        -1.2636702659504556E-01         1.6221123522831771E-02 
       -6.0315810873619230E-02        -1.2621850073846966E-01         1.5966744802641642E-02 
       -5.7836575189053926E-02        -1.2609621732186263E-01         1.5669549690479331E-02 
       -5.5361622922713682E-02        -1.2599857384378896E-01         1.5330466584791850E-02 
       -5.2891810267900852E-02        -1.2592398491623552E-01         1.4950499926038890E-02 
       -5.0427891559883378E-02        -1.2587088744413233E-01         1.4530725975860382E-02 
       -4.7970520266875996E-02        -1.2583774558131317E-01         1.4072288619847963E-02 
       -4.5520250387055851E-02        -1.2582305545442235E-01         1.3576395216406736E-02 
       -4.3077538231223157E-02        -1.2582534964831779E-01         1.3044312512206543E-02 
       -4.0642744570089581E-02        -1.2584320144845940E-01         1.2477362642651944E-02 
       -3.8216137124764286E-02        -1.2587522883757937E-01         1.1876919233660499E-02 
       -3.5797893378815324E-02        -1.2592009824560449E-01         1.1244403618859441E-02 
       -3.3388103690270621E-02        -1.2597652805332571E-01         1.0581281184107002E-02 
       -3.0986774682097463E-02        -1.2604329185168037E-01         9.8890578490402094E-03 
       -2.8593832890015842E-02        -1.2611922145971677E-01         9.1692766931592284E-03 
       -2.6209128646967027E-02        -1.2620320970535553E-01         8.4235147318043914E-03 
       -2.3832440184124722E-02        -1.2629421297393650E-01         7.6533798452726766E-03 
       -2.1463477929012049E-02        -1.2639125353024472E-01         6.8605078622769756E-03 
       -1.9101888982022589E-02        -1.2649342162025623E-01         6.0465597969831530E-03 
       -1.6747261753444515E-02        -1.2659987735922398E-01         5.2132192369836903E-03 
       -1.4399130743909638E-02        -1.2670985241295038E-01         4.3621898777821454E-03 
       -1.2056981452037069E-02        -1.2682265147917093E-01         3.4951931976950966E-03 
       -9.7202553938719426E-03        -1.2693765357591202E-01         2.6139662655193224E-03 
       -7.3883552195424433E-03        -1.2705431314348656E-01         1.7202596718801538E-03 
       -5.0606499133275321E-03        -1.2717216096648173E-01         8.1583557387468236E-04 
       -2.7364800640603403E-03        -1.2729080492166150E-01        -9.7534158549149007E-05 
       -4.1516319344048495E-04        -1.2740993055718822E-01        -1.0180697070628930E-03 
        1.9040008695830955E-03        -1.2752930150795369E-01        -1.9439849937566923E-03 
        4.2217245797134904E-03        -1.2764875975113599E-01        -2.8734893084927989E-03 
        6.5387272424485389E-03        -1.2776822570535307E-01        -3.8047888896284498E-03 
