        9.2800000000000005E-01         0.0000000000000000E+00        -3.7259999999999999E-01 
        9.2814409799702935E-01        -5.8725764479969952E-06        -3.7224090763750617E-01 
        9.2857530130320065E-01        -4.3052600318448530E-05        -3.7116393676672249E-01 
        9.2929033995064658E-01        -1.4278697595784218E-04        -3.6937000918671353E-01 
        9.3028377097120685E-01        -3.3620118950419310E-04        -3.6686067169706293E-01 
        9.3154798894332569E-01        -6.5423777559299727E-04        -3.6363811169196414E-01 
        9.3307324091297816E-01        -1.1275938110038965E-03        -3.5970517878273056E-01 
        9.3484764584159352E-01        -1.7866571375019223E-03        -3.5506541223811106E-01 
        9.3685721877320138E-01        -2.6614410389066792E-03        -3.4972307397237368E-01 
        9.3908589994794744E-01        -3.7815171251288620E-03        -3.4368318675525866E-01 
        9.4151558912152611E-01        -5.1759462091974439E-03        -3.3695157725911801E-01 
        9.4412618537743753E-01        -6.8732070015917104E-03        -3.2953492350194113E-01 
        9.4689563274008870E-01        -8.9011224886330776E-03        -3.2144080619238230E-01 
        9.4979997191330523E-01        -1.1286783909114579E-02        -3.1267776342865539E-01 
        9.5281339847815005E-01        -1.4056472294442370E-02        -3.0325534815310179E-01 
        9.5590832788640845E-01        -1.7235577592188439E-02        -2.9318418771668758E-01 
        9.5905546758148730E-01        -2.0848515450906699E-02        -2.8247604486229666E-01 
        9.6222389656586860E-01        -2.4918641804404465E-02        -2.7114387939458179E-01 
        9.6538115271379787E-01        -2.9468165456128702E-02        -2.5920190976654733E-01 
        9.6849332809941402E-01        -3.4518058928496999E-02        -2.4666567377922602E-01 
        9.7152517257285331E-01        -4.0087967905638268E-02        -2.3355208756532908E-01 
        9.7444020577293888E-01        -4.6196119664791278E-02        -2.1987950199982026E-01 
        9.7720083770966715E-01        -5.2859230952592200E-02        -2.0566775567139792E-01 
        9.7976849799006671E-01        -6.0092415828166858E-02        -1.9093822353120518E-01 
        9.8210377369004953E-01        -6.7909094051549782E-02        -1.7571386034044362E-01 
        9.8416655580043877E-01        -7.6320900657982485E-02        -1.6001923803286131E-01 
        9.8591619408986464E-01        -8.5337597405531401E-02        -1.4388057613384031E-01 
        9.8731166013998417E-01        -9.4966986836473630E-02        -1.2732576438922602E-01 
        9.8831171821323016E-01        -1.0521482973285425E-01        -1.1038437679245028E-01 
        9.8887510351500463E-01        -1.1608476678368108E-01        -9.3087676235733260E-02 
        9.8896070731023178E-01        -1.2757824530797005E-01        -7.5468609062855810E-02 
        9.8852776825056043E-01        -1.3969445189979263E-01        -5.7561788856343520E-02 
        9.8753606916368686E-01        -1.5243025187178633E-01        -3.9403468861358815E-02 
        9.8594613845222934E-01        -1.6578013637504210E-01        -2.1031502525897628E-02 
        9.8371945514724413E-01        -1.7973617806669046E-01        -2.4852917203117492E-03 
        9.8081865656297451E-01        -1.9428799617425307E-01         1.6194277701611411E-02 
        9.7720774740521055E-01        -2.0942273177971441E-01         3.4964913240562383E-02 
        9.7285230909858134E-01        -2.2512503410208251E-01         5.3783006114960244E-02 
        9.6771970801836094E-01        -2.4137705850689090E-01         7.2603734662216327E-02 
        9.6177930124274358E-01        -2.5815847690601801E-01         9.1381180666827988E-02 
        9.5500263838209776E-01        -2.7544650113818936E-01         1.1006845837965354E-01 
        9.4736365799511357E-01        -2.9321591983441742E-01         1.2861785586201355E-01 
        9.3883887706901903E-01        -3.1143914917655202E-01         1.4698098815612823E-01 
        9.2940757202161861E-01        -3.3008629785471816E-01         1.6510896165411482E-01 
        9.1905194968050985E-01        -3.4912524641482368E-01         1.8295254890552970E-01 
        9.0775730670921229E-01        -3.6852174106550889E-01         2.0046237297462421E-01 
        8.9551217597872945E-01        -3.8823950189067963E-01         2.1758910033861184E-01 
        8.8230845843318895E-01        -4.0824034527792724E-01         2.3428364119705808E-01 
        8.6814153906549418E-01        -4.2848432023639627E-01         2.5049735595216777E-01 
        8.5301038569464838E-01        -4.4892985815149450E-01         2.6618226652874555E-01 
        8.3691762934990055E-01        -4.6953393536662441E-01         2.8129127109685459E-01 
        8.1986962517206130E-01        -4.9025224786424887E-01         2.9577836069862867E-01 
        8.0187649288325191E-01        -5.1103939717356828E-01         3.0959883620762418E-01 
        7.8295213602267433E-01        -5.3184908650664753E-01         3.2270952400337871E-01 
        7.6311423929730438E-01        -5.5263432601336704E-01         3.3506898871763902E-01 
        7.4238424359270716E-01        -5.7334764590582721E-01         3.4663774137585712E-01 
        7.2078729834252464E-01        -5.9394131613262413E-01         3.5737844128077295E-01 
        6.9835219117627156E-01        -6.1436757115890195E-01         3.6725608998445231E-01 
        6.7511125492707535E-01        -6.3457883836393869E-01         3.7623821575246086E-01 
        6.5110025231272639E-01        -6.5452796847130001E-01         3.8429504696142380E-01 
        6.2635823879301677E-01        -6.7416846639058448E-01         3.9139967295301814E-01 
        6.0092740428845737E-01        -6.9345472082997273E-01         3.9752819096220060E-01 
        5.7485289467557799E-01        -7.1234223099407756E-01         4.0265983783238779E-01 
        5.4818261412714875E-01        -7.3078782871276227E-01         4.0677710536388606E-01 
        5.2096700957033837E-01        -7.4874989434552686E-01         4.0986583826966427E-01 
        4.9325883869739134E-01        -7.6618856484970776E-01         4.1191531386382030E-01 
        4.6511292310895530E-01        -7.8306593246090395E-01         4.1291830276735070E-01 
        4.3658588832856243E-01        -7.9934623249283998E-01         4.1287111008109928E-01 
        4.0773589253223425E-01        -8.1499601886245987E-01         4.1177359665209129E-01 
        3.7862234594995431E-01        -8.2998432604203376E-01         4.0962918023719547E-01 
        3.4930562297773310E-01        -8.4428281625733259E-01         4.0644481654993297E-01 
        3.1984676909545495E-01        -8.5786591088211939E-01         4.0223096035727812E-01 
        2.9030720473687327E-01        -8.7071090511283467E-01         3.9700150697383613E-01 
        2.6074842826067585E-01        -8.8279806516311232E-01         3.9077371467467986E-01 
        2.3123172017552368E-01        -8.9411070736827314E-01         3.8356810871750047E-01 
        2.0181785074941394E-01        -9.0463525874940742E-01         3.7540836782719456E-01 
        1.7256679306482975E-01        -9.1436129875823013E-01         3.6632119414188191E-01 
        1.4353744353108114E-01        -9.2328158208053634E-01         3.5633616776181937E-01 
        1.1478735176087478E-01        -9.3139204254585484E-01         3.4548558716418221E-01 
        8.6372461616217810E-02        -9.3869177834955264E-01         3.3380429685824631E-01 
        5.8346865095349018E-02        -9.4518301895239376E-01         3.2132950374658054E-01 
        3.0762570597617129E-02        -9.5087107417038208E-01         3.0810058373673982E-01 
        3.6692869423845080E-03        -9.5576426611098408E-01         2.9415888020449937E-01 
       -2.2885775643457472E-02        -9.5987384474229764E-01         2.7954749595231704E-01 
       -4.8858086532720155E-02        -9.6321388800284524E-01         2.6431108032800005E-01 
       -7.4205956842588225E-02        -9.6580118746708454E-01         2.4849561317411389E-01 
       -9.8890682044802725E-02        -9.6765512067618531E-01         2.3214818726586164E-01 
       -1.2287666455755905E-01        -9.6879751132385616E-01         2.1531679086462530E-01 
       -1.4613151602064517E-01        -9.6925247855208463E-01         1.9805009196893614E-01 
       -1.6862613913809305E-01        -9.6904627666190102E-01         1.8039722578421094E-01 
       -1.9033478915393520E-01        -9.6820712657924779E-01         1.6240758685557197E-01 
       -2.1123511519527322E-01        -9.6676504043567901E-01         1.4413062722253439E-01 
       -2.3130818188207589E-01        -9.6475164062862151E-01         1.2561566185380779E-01 
       -2.5053847175423560E-01        -9.6219997471655405E-01         1.0691168251308304E-01 
       -2.6891386920769911E-01        -9.5914432748150535E-01         8.8067181089833357E-02 
       -2.8642562675980215E-01        -9.5562003145539509E-01         6.9129983305717846E-02 
       -3.0306831457712541E-01        -9.5166327715916588E-01         5.0147093580092277E-02 
       -3.1883975429790956E-01        -9.4731092424550867E-01         3.1164551707920558E-02 
       -3.3374093826544099E-01        -9.4260031466815941E-01         1.2227301870752287E-02 
       -3.4777593535718021E-01        -9.3756908892469504E-01        -6.6209256307629590E-03 
       -3.6095178464640348E-01        -9.3225500633708691E-01        -2.5337719664021215E-02 
       -3.7327837817041637E-01        -9.2669577024597594E-01        -4.3882080439969426E-02 
       -3.8476833410198441E-01        -9.2092885890191678E-01        -6.2214498569760981E-02 
       -3.9543686162657471E-01        -9.1499136274224813E-01        -8.0297021111120817E-02 
       -4.0530161882333032E-01        -9.0891982864476639E-01        -9.8093304827293379E-02 
       -4.1438256482662394E-01        -9.0275011165312002E-01        -1.1556865698381558E-01 
       -4.2270180751255093E-01        -8.9651723457373966E-01        -1.3269006410315257E-01 
       -4.3028344791413176E-01        -8.9025525574916664E-01        -1.4942620918933658E-01 
       -4.3715342251425265E-01        -8.8399714522333028E-01        -1.6574747801066891E-01 
       -4.4333934450319928E-01        -8.7777466942901095E-01        -1.8162595509660714E-01 
       -4.4887034502019890E-01        -8.7161828444542999E-01        -1.9703541016890061E-01 
       -4.5377691532177689E-01        -8.6555703779956428E-01        -2.1195127577561459E-01 
       -4.5809075073862549E-01        -8.5961847871713160E-01        -2.2635061693570727E-01 
       -4.6184459720145032E-01        -8.5382857666367462E-01        -2.4021209364328430E-01 
       -4.6507210102369012E-01        -8.4821164796928938E-01        -2.5351591708563459E-01 
       -4.6780766254759742E-01        -8.4279029027525976E-01        -2.6624380046480361E-01 
       -4.7008629416740139E-01        -8.3758532450696110E-01        -2.7837890530628812E-01 
       -4.7194348315599099E-01        -8.3261574404698735E-01        -2.8990578413606855E-01 
       -4.7341505963700797E-01        -8.2789867075711143E-01        -3.0081032040377226E-01 
       -4.7453706996067474E-01        -8.2344931748192063E-01        -3.1107966651509961E-01 
       -4.7534565566085846E-01        -8.1928095666199041E-01        -3.2070218080847823E-01 
       -4.7587693809630482E-01        -8.1540489468114674E-01        -3.2966736429007526E-01 
       -4.7616690880754547E-01        -8.1183045158042511E-01        -3.3796579790498954E-01 
       -4.7625132555576755E-01        -8.0856494578248539E-01        -3.4558908108943659E-01 
       -4.7616561394988288E-01        -8.0561368349125240E-01        -3.5252977230283061E-01 
       -4.7594477451470157E-01        -8.0297995245335652E-01        -3.5878133220015268E-01 
       -4.7562329500569328E-01        -8.0066501979896820E-01        -3.6433807005338242E-01 
       -4.7523506773535062E-01        -7.9866813371246526E-01        -3.6919509398242534E-01 
       -4.7481331164229879E-01        -7.9698652872062692E-01        -3.7334826550372574E-01 
       -4.7439049880711948E-01        -7.9561543442591987E-01        -3.7679415885167150E-01 
       -4.7399828509871766E-01        -7.9454808755587325E-01        -3.7953002547045100E-01 
       -4.7366744462132149E-01        -7.9377574724311006E-01        -3.8155376401911606E-01 
       -4.7342780762582432E-01        -7.9328771349745264E-01        -3.8286389617087813E-01 
       -4.7330820154650055E-01        -7.9307134887250752E-01        -3.8345954844140429E-01 
       -4.7333639483373624E-01        -7.9311210338336491E-01        -3.8334044019810376E-01 
       -4.7353904325934637E-01        -7.9339354276462570E-01        -3.8250687797397426E-01 
       -4.7394163839285297E-01        -7.9389738021040834E-01        -3.8095975612322136E-01 
       -4.7456845796896258E-01        -7.9460351177520483E-01        -3.7870056380245565E-01 
       -4.7544251788775410E-01        -7.9549005564455078E-01        -3.7573139822310631E-01 
       -4.7658552562950435E-01        -7.9653339552946001E-01        -3.7205498402599418E-01 
       -4.7801783489554012E-01        -7.9770822845899680E-01        -3.6767469859511337E-01 
       -4.7975840132772873E-01        -7.9898761727235290E-01        -3.6259460306040875E-01 
       -4.8182473920003333E-01        -8.0034304812931711E-01        -3.5681947868566649E-01 
       -4.8423287902339862E-01        -8.0174449337306275E-01        -3.5035486827147427E-01 
       -4.8699732604857804E-01        -8.0316048008260565E-01        -3.4320712215776450E-01 
       -4.9013101970128825E-01        -8.0455816465316188E-01        -3.3538344835095241E-01 
       -4.9364529403366098E-01        -8.0590341373493235E-01        -3.2689196624683614E-01 
       -4.9754983932390784E-01        -8.0716089184480078E-01        -3.1774176337337068E-01 
       -5.0185266500633008E-01        -8.0829415594307019E-01        -3.0794295452594150E-01 
       -5.0656006416150956E-01        -8.0926575723617600E-01        -2.9750674262326388E-01 
       -5.1167657984337933E-01        -8.1003735042749403E-01        -2.8644548056891561E-01 
       -5.1720497356310069E-01        -8.1056981059128441E-01        -2.7477273336726282E-01 
       -5.2314619629247849E-01        -8.1082335779050629E-01        -2.6250333970503514E-01 
       -5.2949936238690132E-01        -8.1075768949669302E-01        -2.4965347218171924E-01 
       -5.3626172686211560E-01        -8.1033212080050032E-01        -2.3624069534652847E-01 
       -5.4342866648786647E-01        -8.0950573232498413E-01        -2.2228402068193218E-01 
       -5.5099366518527448E-01        -8.0823752567090013E-01        -2.0780395766140103E-01 
       -5.5894830423422415E-01        -8.0648658613455404E-01        -1.9282256000084566E-01 
       -5.6728225780639518E-01        -8.0421225234550142E-01        -1.7736346622964894E-01 
       -5.7598329434642548E-01        -8.0137429237369828E-01        -1.6145193371296074E-01 
       -5.8503728432089297E-01        -7.9793308575502397E-01        -1.4511486527576914E-01 
       -5.9442821484311215E-01        -7.9384981078223515E-01        -1.2838082760901848E-01 
       -6.0413821166725912E-01        -7.8908663630403786E-01        -1.1128006066748439E-01 
       -6.1414756901598311E-01        -7.8360691717337105E-01        -9.3844477320148029E-02 
       -6.2443478767279503E-01        -7.7737539238506503E-01        -7.6107652565671022E-02 
       -6.3497662173001002E-01        -7.7035838484449648E-01        -5.8104801685954853E-02 
       -6.4574813432934663E-01        -7.6252400161797396E-01        -3.9872746789288288E-02 
       -6.5672276267681950E-01        -7.5384233342784135E-01        -2.1449871271506417E-02 
       -6.6787239254590713E-01        -7.4428565207791952E-01        -2.8760618172562016E-03 
       -6.7916744241166271E-01        -7.3382860442460784E-01         1.5807362340633620E-02 
       -6.9057695727749291E-01        -7.2244840145163658E-01         3.4557733076918062E-02 
       -7.0206871217189593E-01        -7.1012500095955422E-01         5.3331130006598781E-02 
       -7.1360932520178244E-01        -6.9684128234833542E-01         7.2082490036924018E-02 
       -7.2516437995425831E-01        -6.8258321195346905E-01         9.0765729657153515E-02 
       -7.3669855694112363E-01        -6.6733999739319749E-01         1.0933387965737579E-01 
       -7.4817577368068122E-01        -6.5110422939826162E-01         1.2773923183816280E-01 
       -7.5955933290992195E-01        -6.3387200962775214E-01         1.4593349714082768E-01 
       -7.7081207831995679E-01        -6.1564306302367522E-01         1.6386797449809751E-01 
       -7.8189655711124817E-01        -5.9642083331975937E-01         1.8149372958073845E-01 
       -7.9277518856421225E-01        -5.7621256041291136E-01         1.9876178248280571E-01 
       -8.0341043773444021E-01        -5.5502933840096169E-01         2.1562330327706469E-01 
       -8.1376499329288232E-01        -5.3288615321527300E-01         2.3202981425486130E-01 
       -8.2380194845653376E-01        -5.0980189890529470E-01         2.4793339756732841E-01 
       -8.3348498387733017E-01        -4.8579937179931698E-01         2.6328690687950368E-01 
       -8.4277855130473456E-01        -4.6090524191421794E-01         2.7804418158084648E-01 
       -8.5164805678133981E-01        -4.3515000117730890E-01         2.9216026201765927E-01 
       -8.6006004209517406E-01        -4.0856788820576362E-01         3.0559160416329662E-01 
       -8.6798236318320565E-01        -3.8119678959563480E-01         3.1829629209820631E-01 
       -8.7538436417140886E-01        -3.5307811786630666E-01         3.3023424665531648E-01 
       -8.8223704573385919E-01        -3.2425666642593126E-01         3.4136742857489805E-01 
       -8.8851322647061692E-01        -2.9478044212728388E-01         3.5166003452879935E-01 
       -8.9418769603292081E-01        -2.6470047619313791E-01         3.6107868440327956E-01 
       -8.9923735876577038E-01        -2.3407061450627559E-01         3.6959259827422225E-01 
       -9.0364136669848061E-01        -2.0294728844645116E-01         3.7717376157887794E-01 
       -9.0738124078263993E-01        -1.7138926765796053E-01         3.8379707706730681E-01 
       -9.1044097936169888E-01        -1.3945739630999768E-01         3.8944050221693260E-01 
       -9.1280715295299231E-01        -1.0721431457535721E-01         3.9408517090895323E-01 
       -9.1446898452955228E-01        -7.4724167210140149E-02         3.9771549829299790E-01 
       -9.1541841460699847E-01        -4.2052301244860771E-02         4.0031926790944761E-01 
       -9.1565015056622789E-01        -9.2649549138811484E-03         4.0188770029132925E-01 
       -9.1516169977568829E-01         2.3571059959995349E-02         4.0241550243062180E-01 
       -9.1395338621532340E-01         5.6388679838939033E-02         4.0190089766382980E-01 
       -9.1202835044650765E-01         8.9120913269534294E-02         4.0034563570737214E-01 
       -9.0939253291647237E-01         1.2170116425565730E-01         3.9775498275228144E-01 
       -9.0605464073024067E-01         1.5406355285537246E-01         3.9413769170777752E-01 
       -9.0202609816600776E-01         1.8614323068120539E-01         3.8950595286223971E-01 
       -8.9732098134953653E-01         2.1787668903561894E-01         3.8387532540572300E-01 
       -8.9195593763802816E-01         2.4920205748802263E-01         3.7726465042865126E-01 
       -8.8595009039100059E-01         2.8005939080370962E-01         3.6969594617292822E-01 
       -8.7932492992730693E-01         3.1039094224343339E-01         3.6119428646703017E-01 
       -8.7210419157555241E-01         3.4014142140460224E-01         3.5178766341604040E-01 
       -8.6431372182568966E-01         3.6925823492287935E-01         3.4150683554802447E-01 
       -8.5598133367749518E-01         3.9769170852453806E-01         3.3038516273345941E-01 
       -8.4713665235529090E-01         4.2539528910891616E-01         3.1845842929241841E-01 
       -8.3781095261896321E-01         4.5232572573559737E-01         3.0576465678635423E-01 
       -8.2803698895042877E-01         4.7844322858770671E-01         2.9234390805959243E-01 
       -8.1784881992558056E-01         5.0371160519809421E-01         2.7823808414098933E-01 
       -8.0728162809937642E-01         5.2809837343670318E-01         2.6349071564527693E-01 
       -7.9637153673935945E-01         5.5157485095980208E-01         2.4814675033067474E-01 
       -7.8515542472887823E-01         5.7411622104143401E-01         2.3225233845836438E-01 
       -7.7367074093842836E-01         5.9570157490796571E-01         2.1585461757779442E-01 
       -7.6195531932997995E-01         6.1631393088775344E-01         1.9900149832682640E-01 
       -7.5004719600688596E-01         6.3594023088327811E-01         1.8174145277590006E-01 
       -7.3798442936554676E-01         6.5457131484259135E-01         1.6412330678102682E-01 
       -7.2580492443386946E-01         6.7220187407309551E-01         1.4619603772618248E-01 
       -7.1354626240317265E-01         6.8883038438856314E-01         1.2800857894191298E-01 
       -7.0124553627743214E-01         7.0445902020846818E-01         1.0960963198760477E-01 
       -6.8893919346703669E-01         7.1909355085122717E-01         9.1047487865457424E-02 
       -6.7666288606275571E-01         7.3274322035344930E-01         7.2369858122627695E-02 
       -6.6445132942180007E-01         7.4542061223256018E-01         5.3623716667864384E-02 
       -6.5233816959760904E-01         7.5714150066936603E-01         3.4855153003519858E-02 
       -6.4035586004241618E-01         7.6792468963094451E-01         1.6109237443921148E-02 
       -6.2853554790738186E-01         7.7779184148226643E-01        -2.5701012428058865E-03 
       -6.1690697016756257E-01         7.8676729664092360E-01        -2.1140185457633985E-02 
       -6.0549835969880472E-01         7.9487788582441610E-01        -3.9559685477995196E-02 
       -5.9433636134181322E-01         8.0215273641482565E-01        -5.7788703190447384E-02 
       -5.8344595789909248E-01         8.0862307442910963E-01        -7.5788842909912044E-02 
       -5.7285040592824388E-01         8.1432202353222105E-01        -9.3523269458793509E-02 
       -5.6257118111827809E-01         8.1928440246820500E-01        -1.1095675378631105E-01 
       -5.5262793296629231E-01         8.2354652221157199E-01        -1.2805570650721812E-01 
       -5.4303844841127591E-01         8.2714598405901096E-01        -1.4478819982771474E-01 
       -5.3381862402657776E-01         8.3012147979317452E-01        -1.6112397841076023E-01 
       -5.2498244632777791E-01         8.3251259495470753E-01        -1.7703445980451360E-01 
       -5.1654197971572391E-01         8.3435961615923526E-01        -1.9249272512077864E-01 
       -5.0850736154454457E-01         8.3570334329391038E-01        -2.0747350070646431E-01 
       -5.0088680378685591E-01         8.3658490732363222E-01        -2.2195313159044827E-01 
       -4.9368660075076004E-01         8.3704559433414816E-01        -2.3590954753325735E-01 
       -4.8691114230377558E-01         8.3712667633523274E-01        -2.4932222252403186E-01 
       -4.8056293205815065E-01         8.3686924924732020E-01        -2.6217212859379690E-01 
       -4.7464260998358138E-01         8.3631407839753114E-01        -2.7444168482058973E-01 
       -4.6914897892926533E-01         8.3550145175836610E-01        -2.8611470240502485E-01 
       -4.6407903455981769E-01         8.3447104107478409E-01        -2.9717632668941280E-01 
       -4.5942799823826858E-01         8.3326177094395226E-01        -3.0761297698001933E-01 
       -4.5518935242122321E-01         8.3191169583678337E-01        -3.1741228501602681E-01 
       -4.5135487817090736E-01         8.3045788498310447E-01        -3.2656303289944205E-01 
       -4.4791469442678344E-01         8.2893631498114440E-01        -3.3505509127763694E-01 
       -4.4485729872757573E-01         8.2738176994075208E-01        -3.4287935852678281E-01 
       -4.4216960911665693E-01         8.2582774892354149E-01        -3.5002770165665203E-01 
       -4.3983700701806699E-01         8.2430638040931670E-01        -3.5649289960046282E-01 
       -4.3784338091343045E-01         8.2284834348657154E-01        -3.6226858952453039E-01 
       -4.3617117070516376E-01         8.2148279544664837E-01        -3.6734921673174781E-01 
       -4.3480141270027650E-01         8.2023730544824414E-01        -3.7172998868456258E-01 
       -4.3371378519629644E-01         8.1913779391178543E-01        -3.7540683362710575E-01 
       -4.3288665470236964E-01         8.1820847730765900E-01        -3.7837636422177734E-01 
       -4.3229712287293548E-01         8.1747181800953872E-01        -3.8063584656537702E-01 
       -4.3192107427513565E-01         8.1694847889835498E-01        -3.8218317489443077E-01 
       -4.3173322515384999E-01         8.1665728242492308E-01        -3.8301685222594745E-01 
       -4.3170717339493303E-01         8.1661517386411253E-01        -3.8313597712512032E-01 
       -4.3181544992111853E-01         8.1683718852353815E-01        -3.8254023673386550E-01 
       -4.3202957178682788E-01         8.1733642270812679E-01        -3.8122990612482366E-01 
       -4.3232009725917064E-01         8.1812400827229059E-01        -3.7920585400733320E-01 
       -4.3265668319894479E-01         8.1920909064553449E-01        -3.7646955471720661E-01 
       -4.3300814506307767E-01         8.2059881024517811E-01        -3.7302310640343828E-01 
       -4.3334251986465822E-01         8.2229828724661291E-01        -3.6886925523355635E-01 
       -4.3362713242744227E-01         8.2431060972220471E-01        -3.6401142539313508E-01 
       -4.3382866526882563E-01         8.2663682520438542E-01        -3.5845375459884676E-01 
       -4.3391323243659113E-01         8.2927593577581649E-01        -3.5220113478063625E-01 
       -4.3384645760850676E-01         8.3222489683252043E-01        -3.4525925753318953E-01 
       -4.3359355674134703E-01         8.3547861970577209E-01        -3.3763466388515267E-01 
       -4.3311942552700089E-01         8.3902997836908444E-01        -3.2933479787631831E-01 
       -4.3238873187741417E-01         8.4286982049172032E-01        -3.2036806338157447E-01 
       -4.3136601361795041E-01         8.4698698313055465E-01        -3.1074388357272215E-01 
       -4.3001578152020153E-01         8.5136831337931196E-01        -3.0047276236073589E-01 
       -4.2830262775002892E-01         8.5599869431704889E-01        -2.8956634711352974E-01 
       -4.2619133974670481E-01         8.6086107661044897E-01        -2.7803749191041760E-01 
       -4.2364701948246147E-01         8.6593651613632461E-01        -2.6590032055200757E-01 
       -4.2063520797988085E-01         8.7120421799412817E-01        -2.5317028850999013E-01 
       -4.1712201489177891E-01         8.7664158726836938E-01        -2.3986424298710657E-01 
       -4.1307425286445665E-01         8.8222428689782850E-01        -2.2600048021452399E-01 
       -4.0845957632809948E-01         8.8792630297890629E-01        -2.1159879912223958E-01 
       -4.0324662426879032E-01         8.9372001781127275E-01        -1.9668055048932584E-01 
       -3.9740516645349211E-01         8.9957629095355496E-01        -1.8126868069133634E-01 
       -3.9090625249221905E-01         9.0546454851499802E-01        -1.6538776916475753E-01 
       -3.8372236303664398E-01         9.1135288085732113E-01        -1.4906405872451697E-01 
       -3.7582756232831271E-01         9.1720814882420887E-01        -1.3232547788841020E-01 
       -3.6719765123128034E-01         9.2299609854733311E-01        -1.1520165440125195E-01 
       -3.5781031980616934E-01         9.2868148480637669E-01        -9.7723919189843175E-02 
       -3.4764529841021780E-01         9.3422820284215713E-01        -7.9925300028956051E-02 
       -3.3668450624555984E-01         9.3959942843600164E-01        -6.1840504263699046E-02 
       -3.2491219621559392E-01         9.4475776598246208E-01        -4.3505889993844991E-02 
       -3.1231509490862280E-01         9.4966540418549172E-01        -2.4959425217893839E-02 
       -2.9888253648292767E-01         9.5428427891656109E-01        -6.2406345101629016E-03 
       -2.8460658920393228E-01         9.5857624267396513E-01         1.2609467093264673E-02 
       -2.6948217336955016E-01         9.6250323998517207E-01         3.1548453219868884E-02 
       -2.5350716935692758E-01         9.6602748799774518E-01         5.0532578407795792E-02 
       -2.3668251453669970E-01         9.6911166140941940E-01         6.9516883466335180E-02 
       -2.1901228782791171E-01         9.7171908079677971E-01         8.8455313817863646E-02 
       -2.0050378070719266E-01         9.7381390331596052E-01         1.0730085056327306E-01 
       -1.8116755354438638E-01         9.7536131466854159E-01         1.2600565388045790E-01 
       -1.6101747620732795E-01         9.7632772115384103E-01         1.4452121823527980E-01 
       -1.4007075196601049E-01         9.7668094056538945E-01         1.6279853875178824E-01 
       -1.1834792382899573E-01         9.7639039063632038E-01         1.8078828795720955E-01 
       -9.5872862560141325E-02         9.7542727369689508E-01         1.9844100199047660E-01 
       -7.2672735753786868E-02         9.7376475617827629E-01         2.1570727523960073E-01 
       -4.8777957487512194E-02         9.7137814158096991E-01         2.3253796225731957E-01 
       -2.4222118225386911E-02         9.6824503552494001E-01         2.4888438569516499E-01 
        9.5810519287393829E-04         9.6434550151190934E-01         2.6469854889733058E-01 
        2.6723059472789978E-02         9.5966220605873509E-01         2.7993335170920064E-01 
        5.3030244512757910E-02         9.5418055190517548E-01         2.9454280797852050E-01 
        7.9834462416478902E-02         9.4788879805874326E-01         3.0848226316748240E-01 
        1.0708798532473164E-01         9.4077816551421833E-01         3.2170861044753357E-01 
        1.3474074133821329E-01         9.3284292757517573E-01         3.3418050361881846E-01 
        1.6274051762367611E-01         9.2408048380852148E-01         3.4585856518371089E-01 
        1.9103317962079000E-01         9.1449141677983981E-01         3.5670558790880902E-01 
        2.1956290509349588E-01         9.0407953084842152E-01         3.6668672823046872E-01 
        2.4827243162535229E-01         8.9285187243586317E-01         3.7576968990548831E-01 
        2.7710331598790994E-01         8.8081873133929400E-01         3.8392489635851867E-01 
        3.0599620369977704E-01         8.6799362280979686E-01         3.9112565026287816E-01 
        3.3489110696264290E-01         8.5439325028374835E-01         3.9734827897978814E-01 
        3.6372768906260838E-01         8.4003744882078912E-01         4.0257226459201501E-01 
        3.9244555324624419E-01         8.2494910946911271E-01         4.0678035739298796E-01 
        4.2098453400946856E-01         8.0915408495181895E-01         4.0995867182888746E-01 
        4.4928498870813610E-01         7.9268107722856562E-01         4.1209676404380408E-01 
        4.7728808737273748E-01         7.7556150765171783E-01         4.1318769033680541E-01 
        5.0493609860846034E-01         7.5782937059448119E-01         4.1322804600894592E-01 
        5.3217266949665609E-01         7.3952107157008418E-01         4.1221798425443790E-01 
        5.5894309745294257E-01         7.2067525100237317E-01         4.1016121492898561E-01 
        5.8519459206884583E-01         7.0133259493145772E-01         4.0706498321016177E-01 
        6.1087652505155365E-01         6.8153563405055118E-01         4.0294002834612647E-01 
        6.3594066648592551E-01         6.6132853256628998E-01         3.9780052286792938E-01 
        6.6034140577003153E-01         6.4075686845513424E-01         3.9166399281477160E-01 
        6.8403595572025711E-01         6.1986740675066621E-01         3.8455121968843248E-01 
        7.0698453848663889E-01         5.9870786755456462E-01         3.7648612501579432E-01 
        7.2915055212040458E-01         5.7732669046533491E-01         3.6749563853791806E-01 
        7.5050071677826968E-01         5.5577279716144412E-01         3.5760955119008658E-01 
        7.7100519976208226E-01         5.3409535384642903E-01         3.4686035415303773E-01 
        7.9063771878608891E-01         5.1234353523581544E-01         3.3528306535980990E-01 
        8.0937562304074462E-01         4.9056629174453570E-01         3.2291504494375639E-01 
        8.2719995185306094E-01         4.6881212143895973E-01         3.0979580116916322E-01 
        8.4409547089977677E-01         4.4712884828673061E-01         2.9596678846453472E-01 
        8.6005068616402447E-01         4.2556340810064741E-01         2.8147119918973212E-01 
        8.7505783597402442E-01         4.0416164351537670E-01         2.6635375081298218E-01 
        8.8911286166853032E-01         3.8296810918777507E-01         2.5066047015411486E-01 
        9.0221535757986449E-01         3.6202588831561000E-01         2.3443847635121681E-01 
        9.1436850119140278E-01         3.4137642142546598E-01         2.1773576416651305E-01 
        9.2557896446745080E-01         3.2105934824264781E-01         2.0060098919622935E-01 
        9.3585680747293587E-01         3.0111236332620173E-01         1.8308325649353371E-01 
        9.4521535551385005E-01         2.8157108600595276E-01         1.6523191403414347E-01 
        9.5367106112614863E-01         2.6246894500871853E-01         1.4709635235841395E-01 
        9.6124335231113889E-01         2.4383707803038779E-01         1.2872581163287053E-01 
        9.6795446847934052E-01         2.2570424636185946E-01         1.1016919725554940E-01 
        9.7382928560254522E-01         2.0809676454993750E-01         9.1474905018704381E-02 
        9.7889513209987700E-01         1.9103844494199729E-01         7.2690656715331328E-02 
        9.8318159699005125E-01         1.7455055684487147E-01         5.3863346950965237E-02 
        9.8672033183486951E-01         1.5865179991050349E-01         3.5038901786029981E-02 
        9.8954484797285513E-01         1.4335829126465158E-01         1.6262149710126038E-02 
        9.9169031050581535E-01         1.2868356579515650E-01        -2.4232946887826098E-03 
        9.9319333044883795E-01         1.1463858893778710E-01        -2.0975134122268212E-02 
        9.9409175639197400E-01         1.0123178122418412E-01        -3.9352478957263529E-02 
        9.9442446694848374E-01         8.8469053797557720E-02        -5.7515924541487254E-02 
        9.9423116518255084E-01         7.6353854053392539E-02        -7.5427615626895012E-02 
        9.9355217611996727E-01         6.4887220526091721E-02        -9.3051298129286489E-02 
        9.9242824835000221E-01         5.4067846117079134E-02        -1.1035235856541414E-01 
        9.9090036062705655E-01         4.3892148746817572E-02        -1.2729785160238549E-01 
        9.8900953427816873E-01         3.4354348509109789E-02        -1.4385651624171414E-01 
        9.8679665211869416E-01         2.5446550414651825E-02        -1.5999878123500558E-01 
        9.8430228447420764E-01         1.7158831825387407E-02        -1.7569676039955795E-01 
        9.8156652280451229E-01         9.4793337094160827E-03        -1.9092423855593793E-01 
        9.7862882132487727E-01         2.3943548771772137E-03        -2.0565664886314644E-01 
        9.7552784692341943E-01        -4.1115515976717833E-03        -2.1987104236330751E-01 
        9.7230133758146531E-01        -1.0055480522672100E-02        -2.3354605057921854E-01 
        9.6898596941702109E-01        -1.5456075993887911E-02        -2.4666184203032565E-01 
        9.6561723239135400E-01        -2.0333432706099865E-02        -2.5920007354485075E-01 
        9.6222931464530770E-01        -2.4708997744965260E-02        -2.7114383725066593E-01 
        9.5885499536573016E-01        -2.8605473376950383E-02        -2.8247760412570216E-01 
        9.5552554602432560E-01        -3.2046721286920980E-02        -2.9318716497802821E-01 
        9.5227063978135584E-01        -3.5057668646463924E-02        -3.0325956970859863E-01 
        9.4911826880418704E-01        -3.7664216329676932E-02        -3.1268306568878673E-01 
        9.4609466921736662E-01        -3.9893149526314044E-02        -3.2144703605571423E-01 
        9.4322425337581439E-01        -4.1772050936755296E-02        -3.2954193869457499E-01 
        9.4052954913519415E-01        -4.3329216670176536E-02        -3.3695924664062993E-01 
        9.3803114578366353E-01        -4.4593574906511939E-02        -3.4369139059329440E-01 
        9.3574764629913132E-01        -4.5594607323816545E-02        -3.4973170418516925E-01 
        9.3369562559901553E-01        -4.6362273239628819E-02        -3.5507437260788316E-01 
        9.3188959446394815E-01        -4.6926936363009299E-02        -3.5971438513974652E-01 
        9.3034196883449871E-01        -4.7319294008297874E-02        -3.6364749206967095E-01 
        9.2906304420185515E-01        -4.7570308580530914E-02        -3.6687016646267384E-01 
        9.2806097484870265E-01        -4.7711141104182335E-02        -3.6937957114042558E-01 
        9.2734175771923455E-01        -4.7773086538028177E-02        -3.7117353122037672E-01 
        9.2690922074787718E-01        -4.7787510589947985E-02        -3.7225051246478602E-01 
        9.2676501550480905E-01        -4.7785787727321581E-02        -3.7260960566165902E-01 
